ID	pc1	pc2	pc3	pc4	pc5	pc6	pc7	pc8	pc9	pc10
57	-0.0112502	-0.0167943	0.00604229	0.040491	-0.00449389	-0.0589381	0.00480395	-0.0529152	0.0482451	0.0332798
58	0.00210679	0.117169	-0.00552102	0.0775448	-0.028473	-0.095103	-0.073732	0.0116278	0.0319506	-0.0930344
59	0.0271334	0.0264477	0.00894943	-0.0212136	0.0200883	-0.05427	0.0995207	0.0371126	-0.0421313	0.0599802
60	-0.0275247	-0.0138413	0.0148333	-0.0203685	-0.0078967	-0.0270391	0.00318116	0.00282505	-0.0670329	-0.052194
61	-0.00872795	-0.0300718	-0.00673476	0.000822481	-0.0487948	0.0309121	-0.0132014	-0.0270879	-0.00254904	0.00266214
62	-0.00351818	-0.00982522	0.0270384	-0.0224829	0.0717747	-0.0250219	0.00875905	-0.0102953	0.032573	-0.00199165
63	-0.0278916	-0.0538254	-0.058012	-0.0203796	-0.0101073	-0.0155311	0.0122065	-0.0247118	-0.019413	-0.0454293
65	-0.0155585	0.0280637	0.0235039	0.00352744	-0.0905831	-0.0574583	0.0322145	0.0199606	0.0173979	-0.0140535
66	-0.0126903	-0.00670876	-0.0028712	0.0125124	0.0273243	-0.00231063	0.0185593	-0.000823462	0.0169425	-0.053522
67	-0.0179097	-0.0233922	-0.027009	0.0226165	0.0307694	0.055253	0.012408	0.0525718	-0.0347024	0.0875007
68	0.0403164	-0.00575343	-0.0619862	0.12027	-0.0564749	-0.0481593	0.0574096	0.117627	-0.12245	0.119355
69	0.0652963	0.130465	0.0585641	-0.284811	-0.121411	-0.218156	0.174073	-0.47787	0.0436361	0.235012
70	-0.00809354	-0.0245029	-0.0163871	-0.0475024	0.0122837	0.0305578	-0.0111802	0.0236116	-0.035542	-0.0294047
71	-0.0212394	-0.00860947	0.00258157	-0.04575	-0.0289835	0.028324	0.0250546	0.019253	-0.0472481	-0.0930633
72	-0.00744384	0.0282007	-0.00148968	0.0378318	0.0171688	0.0482578	-0.0514016	-0.050088	0.0318829	-0.00762162
73	-0.0199041	0.0338622	0.022373	0.0194713	0.0314238	-0.00795045	-0.0012005	0.0210171	-0.0341131	-0.0473639
74	-0.0154046	0.014625	0.0118517	0.00352775	-0.0327299	0.0947454	-0.0742443	0.0418079	-0.05258	0.0138851
75	0.112846	0.0297549	-0.0838099	0.0119403	0.0575697	0.0226552	0.00930315	-0.00168511	0.027938	0.106714
76	-0.00251019	-0.00538003	-0.0151283	-0.0464371	0.00465255	-0.0210661	0.0127082	-0.0250649	-0.017201	-0.036785
78	-0.0407922	0.0348473	-0.00295825	0.0303885	0.0349874	-0.0426279	0.0255106	-0.0259379	0.0102449	-0.0410139
79	-0.0165081	-0.00741054	0.0223299	-0.0354871	0.0207201	0.0527742	-0.00509048	0.0299079	-0.0537278	0.0704659
80	-0.0363393	-0.0172895	0.0116485	0.0150451	-0.0275802	-0.0738488	-0.0642368	-0.0288236	0.0257177	-0.0285617
81	-0.0120881	0.00830043	-0.0120255	-0.00274209	-0.0127839	0.0171378	0.0370094	-0.0127485	0.0126689	0.0114401
83	0.322014	0.0963593	-0.316806	0.296788	-0.188305	0.257752	0.251081	-0.157597	-0.0308192	-0.0503791
84	0.00246545	0.0112909	-0.0242405	-0.00525676	-0.0385429	0.0451785	-0.052605	0.00793648	-0.0129675	-0.00436285
85	-0.0117515	-0.022837	-0.021315	-0.00620326	0.0252439	0.0749241	0.0244704	0.00377183	0.0212212	0.0499727
86	-0.00733614	0.0373185	-0.0133809	0.00554034	0.0156532	0.0291793	-0.0105112	-0.0120615	-0.0102239	0.0202914
87	0.155449	-0.0616354	-0.0929921	0.00451238	0.031195	0.0057158	-0.00103929	-0.0156559	-0.0269543	0.040307
88	-0.0143226	0.0260072	-0.0543438	-0.0112662	0.00240515	0.0325709	0.000996899	0.0020302	-0.0167544	0.00984113
89	-0.0107914	0.0128985	0.0452491	0.0431819	0.026003	0.0108792	0.047643	0.0173067	0.0146503	-0.0310518
90	0.00437497	-0.0566744	0.0295584	0.0144883	-0.0245431	-0.0429355	-0.032395	-0.0182045	0.0127954	0.00473678
91	-0.0111692	0.00387947	-0.00217667	-0.0226074	0.0456962	-0.0449967	-0.00779409	-0.00329238	-0.0174922	0.0126556
92	-0.0100483	-0.034154	0.0021207	-0.0249023	0.00532973	0.0316003	-0.0809136	-0.0241519	0.0199469	-0.0180743
93	-0.0226169	0.0137187	0.00353265	-0.01674	-0.0412593	-0.00986255	-0.0697828	0.00425334	-0.0329967	0.0458356
94	0.00652682	0.0471415	0.00140183	0.0399688	0.0355818	0.0138243	-0.0337288	0.0294152	-0.0569212	-0.00927716
95	-0.00714933	0.00542475	-0.0363269	0.00287522	0.0494857	0.00693815	-0.00327619	-0.0449217	-0.0296409	-0.0177633
96	-0.00320349	-0.0323994	-0.0269826	9.20E-06	-0.0705935	-0.0507206	-0.017306	0.0438223	0.0420283	0.0319247
97	0.0382546	-0.0301249	-0.0111176	-0.00599158	-0.0546705	-0.00486287	0.113834	0.020014	0.0278359	0.0394457
98	-0.00158511	-0.0113912	-0.0564634	0.0352165	-0.00511093	-0.00821915	0.0593586	0.0300773	0.00080617	0.0236742
99	-0.0244095	-0.020386	-0.061199	0.0179796	-0.071283	0.039039	0.0466283	-0.0419597	-0.0592413	0.0186296
100	-0.0182471	-0.00877031	0.0507409	0.0640867	-0.0139247	-0.000564906	0.00595751	0.00393523	-0.0319522	-0.0494612
101	-0.0198061	-0.00576803	0.00503629	0.010126	-0.0188495	0.0718054	0.014574	0.0790962	-0.00989313	0.0346409
102	-0.0236574	-0.00873606	0.0227032	0.0201583	-0.00118984	-0.015807	-0.0148521	-0.0380575	-0.0271649	-0.0240423
103	-0.0104739	0.0280158	0.00174088	-0.0568178	0.0043182	0.0529532	0.0328984	-0.0125052	-0.0368638	-0.0217969
104	-0.0144511	-0.0157892	-0.00526188	-0.0103988	-0.00896542	0.0219905	0.0215887	0.03496	0.0301682	0.0174781
105	-0.019277	-0.00803358	-0.0193895	0.0180437	-0.0217383	-0.00128574	-0.00948746	-0.0117043	-0.0282868	0.0384806
106	-0.0148737	0.008907	-0.00432205	-0.0300844	-0.0176973	0.0080208	0.0689756	0.028921	-0.0377535	0.0189527
107	-0.00440335	-0.0386896	0.0189936	-0.0253529	-0.0192378	-0.0143911	0.0324897	0.0408712	-0.0414986	-0.017877
108	0.00151151	-0.00236516	0.0368746	0.0302293	0.0010773	0.0253785	-0.0047521	-0.013745	0.0685574	0.0580054
109	-0.00489176	-0.0120312	-0.0174102	0.0255151	0.00688808	-0.0521638	0.00622208	-0.0136021	-0.0377977	0.0306385
110	-0.00751946	0.0384564	-0.0267558	0.0375877	-0.013057	0.0033961	0.0145843	-0.0216105	0.000100962	0.0252748
111	0.001956	0.020426	-0.0375264	0.0339828	-0.00874872	0.0179185	-0.0114039	-0.0261248	-0.00578053	-0.015487
112	0.0110086	-0.00252632	0.0422144	0.0324935	0.0714761	0.0404534	-0.00154936	0.0949983	-0.0290147	-0.059636
113	-0.0199118	0.02806	-0.0155399	-0.0445214	-0.000384549	0.0465892	-0.0291155	0.0112078	-0.00431325	0.0396335
114	-0.0252556	-0.0227491	-0.013919	-0.0479391	0.00409727	0.0343275	0.0479748	-0.0343632	-0.0315489	-0.0307267
115	0.0132552	-0.000351423	-0.013081	-0.0243245	0.00292512	-0.0290353	-0.0200073	-0.0507371	-0.0112823	0.0179812
116	-0.00771095	-0.0116767	0.0108394	0.0232302	0.0643614	0.0279659	0.0337237	-0.0247214	-0.00951748	-0.00907475
117	-0.0102358	0.0207389	0.0110552	0.0400543	0.0105394	-0.0236305	0.047095	-0.0231904	-0.0243753	0.0283489
118	-1.82E-05	-0.0172868	-0.00337173	0.0431936	0.0415239	-0.000271321	0.0223492	-0.0211799	-0.0165372	0.00309247
120	-0.0156261	0.0102711	-0.0141523	0.00564992	0.0164199	0.0324652	-0.0332794	-0.0125542	0.0112317	0.013124
121	-0.010958	-0.0208596	0.0145404	0.00667308	0.00110478	-0.0195177	0.0290037	0.0165137	0.0306191	-0.00385674
122	-0.0200268	0.00475101	0.0334634	0.0281807	0.0152272	-0.00665867	-0.010812	-0.00155371	-0.0491913	0.00226903
123	0.133001	-0.009674	0.0859739	0.0177416	-0.0726611	0.0213695	-0.0468221	-0.0918907	0.0132775	-0.0431966
124	0.0026366	-0.0150503	0.00493899	-0.0251693	-0.0552797	-0.00958048	-0.0253622	-0.0490022	0.0356487	-0.0486121
125	-0.0196784	-0.0353843	-0.00972708	0.0289761	0.0110518	-0.0570063	-0.00274758	0.032535	0.0637301	0.0377977
126	-0.0135794	-0.0560388	-0.0109483	-0.00179525	-0.0571722	-0.0215628	0.0266886	-0.00035339	0.0386299	0.0239744
127	-0.0142722	-0.00309437	0.0057048	0.0201147	-0.0187302	0.00621478	0.00102631	0.0380531	-0.0152745	0.0120491
128	0.00215282	-0.00140076	0.0120444	-0.00374985	0.050875	0.0397071	-0.0139826	-0.021199	0.0178589	-0.0352086
129	0.00577224	-0.00855665	2.84E-05	-0.0158882	0.0427051	0.0480069	0.0438588	-0.0212699	-0.00930368	0.0473104
130	-0.00784736	0.0343563	0.00351781	-0.00716758	0.037449	-0.0173627	-0.0777874	-0.00837767	0.0740374	-0.0607809
131	-0.0052777	0.0027507	-0.0581649	-0.043961	0.0392064	0.01353	-0.0895906	0.0446692	-0.0158305	-0.0458198
132	-0.00281703	0.01398	-0.0160114	-0.0261566	0.0278661	0.0335477	-0.0129654	0.0319826	0.0266885	0.0158853
133	-0.00945179	0.0089634	0.0120897	-0.00342697	0.0161341	0.00512737	0.0885633	-0.0168363	-0.0155063	0.00509488
134	-0.0185862	0.00905523	0.0200734	-0.0456144	0.0294754	0.0235725	-0.0213716	0.0127253	-0.00159734	-0.0138481
136	-0.000479238	-0.00518232	-0.00702865	0.0371286	-0.0284158	0.0189206	0.0336975	-0.045674	-0.032311	-0.0175354
137	0.00492586	0.0238495	0.0332764	0.00674213	-0.00890207	0.00839719	0.0155941	-0.0149204	-0.0221447	0.0239525
138	-0.0242574	-0.0512071	-0.00451911	-0.0233817	-0.0459741	0.0180046	-0.00309554	-0.0195052	-0.0263087	0.0222817
139	-0.0197517	-0.0282442	-0.030157	0.0017962	0.0144735	-0.0416566	0.0011061	-0.0539876	-0.0687737	-0.0663283
140	-0.0236748	0.0248331	0.0105761	-0.0460804	0.00502329	0.0978711	-0.0153944	0.00431478	0.0344772	0.0700813
141	0.00151492	-0.0171782	-0.0193717	-0.0112005	0.0389171	-0.00343734	0.0179527	-0.0206333	0.0268385	0.0707342
142	-0.0123078	-0.00452554	0.0217706	-0.00426172	-0.0180839	-0.00258646	-0.0100532	0.0132857	-0.0454501	0.0119699
143	0.170275	-0.023988	0.0841942	-0.0251044	-0.216606	-0.143091	0.0157109	0.0528148	-0.0427102	0.0235483
144	-0.018727	0.0102124	0.0119348	0.0219302	-0.0480782	0.0108274	-0.0236512	0.00910561	-0.0980769	-0.0470896
145	-0.0126623	-0.0196111	0.000662702	-0.00407223	0.0690134	0.0170776	0.0173346	0.0172479	-0.0174666	-0.0150218
146	0.0469107	0.103782	0.0517729	0.0269105	-0.0536947	-0.0480513	-0.0102687	-0.00564243	0.0447403	-0.0401354
147	-0.00571488	0.0328168	-0.021536	-0.0160257	0.00495402	0.0180348	0.0238031	0.0152916	-0.0182791	0.030113
148	-0.016546	0.0190583	-0.00749696	-0.00209195	0.00973001	-0.0253517	-0.0383026	-0.0369463	-0.0146694	-0.00618444
149	0.0161843	-0.00309005	0.0125751	0.056114	-0.0387156	0.0159173	-0.0102967	-0.0313012	-0.00265105	-0.0061564
150	0.0348885	0.10022	0.0768415	0.0582077	0.0568975	0.0496707	0.0430114	0.0894833	0.101666	0.0578804
151	0.164067	0.208302	0.0784796	-0.133699	-0.217193	0.0310729	-0.128979	0.11554	-0.391972	0.0346961
152	-0.0143773	-0.00506056	-0.00687635	0.0188632	0.00410828	-0.0270311	-0.0387661	0.0373214	0.0449578	-0.0111737
153	-0.0340111	0.0392777	0.00576662	0.0199121	-0.0199775	-0.0139315	0.0470591	-0.0323132	-0.0403251	0.0158506
154	0.00326285	0.0412837	-0.00985451	-0.00124434	0.0197333	0.0216954	0.0212543	0.0135632	0.00270654	0.0484482
155	0.0104314	0.0288413	-0.0111305	-0.0153204	0.0284391	0.0169768	-0.036746	0.000125993	0.0427501	-0.0290929
156	-0.013174	0.023201	-0.0323258	-0.00678318	0.0475507	0.036835	0.0138243	0.070134	-0.0119536	0.0067836
157	-0.0213198	0.00704656	0.0126314	0.0144644	0.00307228	-0.0322588	0.025568	-0.0150844	-0.0123812	-0.00124781
158	-0.00894029	-0.00256481	0.0300651	-0.0135959	0.0135314	-0.0169654	0.0283347	-0.128063	-0.00727281	-0.0908395
159	0.00179843	-0.0100186	0.0209703	-0.0140977	-0.0146539	0.0209106	0.0346522	0.0539808	-0.000800411	-0.0205432
160	-0.0264443	0.0274638	-0.00682915	-0.055168	-0.00895964	-0.0301363	-0.0125089	-0.00617174	-0.0458629	-0.0347722
161	-0.0106021	-0.0162133	0.00243025	-0.0218015	0.032682	0.0237923	-0.0360426	0.0396112	0.0184806	-0.0381702
162	-0.00591304	0.0109057	-0.0329813	-0.0619257	0.00687669	0.0338454	0.0468556	0.0165622	0.0325776	0.0418926
163	-0.0178843	-0.0200811	-0.055661	0.0507311	0.0139599	0.00407405	-0.00309578	-0.00602519	0.00266211	0.0179813
164	-0.0104865	-0.0241374	-0.0302798	0.0384287	-0.00227685	-0.0610544	-0.0355159	-0.0155672	0.0219694	0.0563453
166	0.0790993	-0.0217713	-0.00967701	0.00397413	-0.0137347	0.0540733	0.0309744	-0.00635457	-0.00180107	-0.0119873
167	-0.00958939	0.0575568	0.0109408	0.0121939	-0.0592043	0.00222267	0.0190862	-0.00471295	0.0371523	0.0122923
168	-0.00416275	-0.0133789	-0.0323641	-0.026731	-0.0520637	-0.054224	0.0354375	-0.00476098	0.0607828	-0.0427725
169	-0.0257706	-0.0411732	0.0233398	0.00358483	-0.0314198	0.0384419	-0.0183535	-0.0133934	0.0116162	-0.0378107
170	-0.013016	-0.0137753	-0.0180188	0.00806113	-0.064572	-0.0867633	-0.0152742	0.034226	-0.0108823	-0.0195121
171	-0.0100793	0.000248381	-0.0327783	0.0360621	0.0527674	-0.00139892	-0.0296714	0.0294321	-0.0109782	0.0224036
172	0.044404	0.0289839	0.046888	0.0531152	0.0109451	0.0650308	-0.0388529	0.0129304	0.0336667	-0.0538435
173	0.0187005	0.0380078	-0.0322103	-0.0312051	0.0155261	0.0374489	-0.00666916	0.0350143	-0.000505385	0.00419191
174	0.00169142	0.00426865	-0.0037413	-0.0214367	0.0206119	0.0338251	0.0157991	0.00496485	-0.00597619	0.0110787
175	0.246482	-0.0206207	0.233641	-0.337298	0.191008	0.053127	0.247116	0.132015	0.111031	-0.261361
176	-0.00382468	-0.0245486	-0.0294823	-0.0270481	-0.0325903	-0.0123447	0.0081951	-0.051605	-0.0117924	-0.0419953
177	-0.00184013	-0.00214045	0.000320597	-0.0172249	-0.0366368	-0.040767	-0.00735531	-0.000362457	-0.0469021	-0.00842691
178	0.0407638	-0.014874	0.0132203	0.0120826	0.0272349	0.0202305	-0.0403144	0.0698402	0.0377095	-0.0306675
179	0.0106639	-0.0168028	-0.00346051	0.0681035	-0.0368103	-0.0566451	-0.0130724	0.0254384	-0.0040512	0.0230549
180	-0.00129924	0.00482377	0.0175494	-0.024099	0.0381192	-0.00112619	-0.000587993	0.0238087	-0.0264263	0.0120613
181	-0.0256801	0.0304761	0.0296983	-0.0220863	0.0263296	0.0219122	-0.00976775	-0.0830669	-0.0164172	-0.052398
182	0.0110238	-0.00208755	-0.0118795	0.0199578	0.0167205	-0.0102825	0.00677534	-0.0612067	-0.0344546	0.0074732
183	-0.0169362	-0.0200468	-0.0514558	-0.00490237	0.0144114	-0.0209178	-0.00873266	-0.0127041	0.0517389	0.0368824
184	-0.0125629	-0.00261997	0.0171436	-0.0203274	-0.000734246	0.0192019	-0.0229881	0.000323017	-0.0897336	-0.047637
185	0.0445072	-0.0285136	0.0645282	0.054413	-0.0202316	0.0549709	0.100338	0.000920282	-0.0319719	0.061568
186	-0.00271265	-0.0142165	0.0297007	-0.0473922	-0.0585131	0.0249825	-0.0256051	-0.0530867	0.0174863	-0.00785879
187	-0.0058975	-0.035379	0.018688	-0.0789337	-0.0042672	-0.00485905	-0.000623382	0.0087453	0.0253513	-0.0431237
188	-0.00630283	-0.0283023	-0.0214934	0.00690722	0.0332315	0.00954156	0.0183521	0.0142886	-0.0482273	-0.00968426
189	-0.0292369	-0.0350496	-0.030293	0.00705355	-0.0595525	0.00544596	0.00479388	-0.0124013	0.0331592	-0.0156328
190	4.92E-05	0.0142243	0.0188778	0.0786978	0.0191254	0.0520927	0.0413853	0.0147068	-0.0152804	-0.0153841
191	0.0532946	-0.00633305	0.068239	-0.0346947	-0.0353079	-0.0826639	-0.100549	-0.025177	0.0351364	-0.058416
192	0.00518699	0.00483562	-0.0271515	-0.0120989	0.025268	-0.0147539	-0.0604381	0.0375037	0.00223661	0.0406171
193	0.00750972	-0.0238487	0.0544762	0.0276252	-0.0275406	0.0393437	0.038256	-0.0395862	0.0669944	-0.0431449
194	0.0292523	0.121081	0.135931	0.0970898	-0.0168996	-0.0378638	-0.0682475	-0.0353477	0.0101046	-0.00307706
195	-0.0155407	-0.0174226	0.00152172	-0.0151649	0.0191035	-0.017069	0.0316851	-0.00229556	0.00586888	-0.0192812
196	-0.0148903	-0.0278316	-0.0207631	-0.0302839	-0.00826565	0.0064333	-0.0362882	-0.0260452	0.025795	0.00152582
197	-0.0098785	-0.002245	-0.0220515	0.0162849	-0.00666065	0.0184132	0.0219613	0.0417893	-0.0675215	-0.0265588
198	-0.0255	0.00186162	-0.0533568	-0.000975852	0.0287232	-0.0232328	-0.0153067	-0.0136716	0.00548666	-0.0121055
199	-0.0114659	-0.0394892	0.0151253	0.0304239	-0.00618683	0.00842982	0.0107941	0.0242787	-0.00656771	0.0144339
200	-0.0150411	0.00817722	0.0144096	-0.0453083	0.0176564	0.0374514	-0.010454	-0.0306769	0.0520096	0.0114169
201	-0.0192969	0.0183479	0.00965153	0.019057	-0.0144213	-0.000942653	0.0143824	-0.0263843	-0.0386342	-0.0482508
202	-0.00348483	-0.00541032	0.00384186	-0.0161763	0.0317093	-0.0184011	0.010851	0.00363792	-0.0206165	-0.0181794
203	-0.0167724	-0.00256893	0.0184382	-0.0271852	0.00836036	0.0462485	-0.022634	-0.00901322	-0.00830123	-0.00251052
204	-0.00172817	0.0190046	0.014725	-0.0287746	0.0357028	0.00350829	0.0556189	0.0364036	-0.0158071	-0.019537
205	-0.0182722	0.0420755	-0.00526953	0.0490589	-0.0319528	-0.0271639	0.000804374	0.0285752	-0.0104579	0.0448139
206	0.0974618	-0.0547934	0.124279	-0.0306322	0.00559061	-0.0170409	0.00165507	-0.108088	-0.149982	0.025482
207	-0.0141204	0.0478148	0.0206197	-0.0469007	-0.0328408	-0.0466943	-0.0301365	-0.0444268	0.0330187	-0.0186433
208	-0.031578	-0.0197284	-0.00340305	-0.00142236	-0.00981177	0.0172052	-0.000872412	0.0158123	0.0461685	0.0147382
209	-0.00934094	-0.0143867	-0.00290899	-0.00627182	-0.00845614	-0.0837701	-0.000716663	0.0263597	-0.0298489	-0.00652979
210	-0.00818501	-0.0372323	0.0260115	0.0269436	0.0211529	0.0263913	0.0426887	0.0136996	-0.0156217	-0.00840946
211	0.00107152	0.0121525	-0.0331891	0.0203082	0.00221964	-0.0118233	-0.0462295	0.00426319	-0.0182421	-0.0183787
212	-0.0126821	-0.0334737	-0.0267843	-0.00994544	0.0455091	-0.0206673	0.0181735	-0.011845	0.0461896	-0.0190927
213	0.339429	-0.0128652	-0.140493	-0.131482	0.180533	-0.0749032	-0.169128	-0.0363173	0.109079	0.204968
214	0.0116668	0.0244533	-0.0231807	-0.0430901	-0.0404041	0.0651459	-0.142338	0.0146525	0.0397504	-0.0868959
216	-0.00279292	-0.0212074	-0.0290278	-0.041448	-0.0240376	-0.0458367	0.00719515	-0.00438643	9.23E-05	0.0308791
218	-0.0342766	-0.021323	-0.024834	0.0561837	0.0293294	-0.021779	0.0286573	-0.0093939	-0.0170684	0.0385104
219	-0.0109713	-0.028786	0.0168578	-0.0461528	0.03766	-0.0163217	-0.000322538	-0.00426589	0.00308154	0.0410197
220	-0.0130477	-0.0184309	0.015611	-0.0495724	-0.0134883	0.0392092	0.0136547	-0.0575911	-0.0262994	-0.027746
221	-0.036518	0.0606888	0.00420451	0.0253564	0.00137563	-0.0288316	0.0157623	-0.0135706	0.0587347	-0.0241449
222	-0.0150461	-0.0256878	0.010613	-0.00842335	-0.00524171	0.0309906	0.0129431	-0.00134929	-0.0181622	0.022446
223	0.0185985	0.0432309	-0.0162046	0.0386406	0.01175	-0.0569628	0.0110743	0.0262617	0.0157496	0.00297556
224	0.119736	-0.128671	0.0919412	-0.137882	-0.0751347	0.23059	-0.124809	0.0121115	0.0255145	0.0648257
225	-0.0128907	-0.0345768	-0.0295362	0.0017319	0.00218649	-0.0107757	0.0707481	0.0419514	0.0481445	0.0146079
226	0.00396765	-0.0117356	0.0160812	0.0130089	0.00232935	0.00116635	-0.0469851	0.0414175	0.0513855	-0.00475503
227	-0.0186163	0.0253512	-0.0249807	-0.027263	-0.00162135	0.0207944	-0.0337274	0.0407648	-0.0127877	0.0412206
228	0.0355557	0.126814	0.010293	0.0291688	0.0249294	-0.0267674	-0.0187298	-0.0301621	0.0839217	-0.0850548
229	0.00385507	-0.03227	0.022897	0.01486	-0.035416	0.00439187	-0.0511985	-0.0277376	-0.0635859	-0.0327217
230	-0.008839	-0.00170421	0.0430454	0.000148699	0.030193	0.0321161	0.0630629	-0.000121996	-0.0235899	-0.0105824
231	-0.0192434	-0.0261275	-0.0069323	0.0326617	0.00989452	-0.0232995	-0.00332347	-0.0202803	0.0423756	0.0231935
232	-0.00370979	0.0235568	-0.0176335	0.00774294	-0.0211907	0.0218035	-0.0164491	0.00980287	0.0373442	-0.0191301
233	-0.0275407	-0.0235093	-0.0111134	-0.0180833	-0.0685039	0.00448483	-0.0176698	0.00940673	-0.00815009	0.0445459
234	-0.004323	0.00573337	-0.0089363	-0.0184264	-0.0182948	-0.00791479	-0.00349452	0.04798	0.0452306	-0.00604836
235	-0.0132283	0.0439316	-0.0147115	-0.0447398	-0.0055781	0.00275904	-0.0454274	-0.0247638	-0.00193622	0.0133045
236	-0.0251211	0.00230932	0.00714012	0.0292221	0.0281097	0.013554	0.012988	0.000762942	-0.00667779	-0.00119253
237	-0.011133	-0.00678507	-0.0364383	0.0362931	0.00979861	-0.0375977	-0.0335482	0.0353855	0.000334513	0.0273524
238	-0.0108745	0.00262304	-0.00701438	0.0342384	-0.00427189	0.00728318	0.0410429	-0.0148533	0.0406086	0.0495543
239	0.0106637	0.00141521	-0.0339147	-0.0183143	-0.0161418	0.0455848	0.00937747	0.00222065	-0.0395776	-0.0238371
241	0.00489748	-0.00697313	-0.0807976	-0.0118548	0.0107591	-0.00342644	-0.0782454	-0.0575847	-0.000478775	-0.0684891
242	-0.0332755	-0.00770896	0.0157959	-0.0480756	0.0133551	-0.00835114	-0.0388535	-0.00910398	-0.0685683	-0.0416663
243	0.0117333	0.0233135	0.0425942	-0.0343842	-0.0194271	0.0341325	0.021769	-0.037161	0.0241866	-0.0188416
244	-0.019424	-0.0282332	-0.0120036	-0.0255495	0.00391152	0.00474206	-0.0154347	-0.00760535	-0.0256754	-0.0142897
245	-0.0195687	0.0048816	-0.0275631	-0.0257665	0.0107712	0.00909627	0.0505914	0.0224901	0.00211357	0.0137605
246	-0.0155801	0.0128996	0.0246714	0.0102394	0.0307747	-0.0147662	-0.0495548	-0.0261259	-0.0149832	-0.00474324
247	-0.0255412	-0.0219873	0.00616715	0.00309431	-0.0184587	0.0250383	-0.0587111	0.0709937	0.00829913	0.0415424
248	-0.00485969	0.011634	-0.0436367	-0.0343166	-0.0377293	-0.0565218	0.00339016	-0.0123139	-0.00161647	-0.00897239
249	-0.00681895	0.0408684	-0.0292628	-0.0522991	0.000779858	0.0681275	-0.050384	-0.000756643	-0.0182024	0.0225951
250	-0.017931	-0.0183576	-0.0420479	-0.0613503	0.0360532	0.00276631	0.0026834	-0.0131432	-0.0333711	-0.0226722
251	-0.0242995	-0.01658	0.00385046	-0.000881942	0.00755068	0.0131047	-0.0344	0.00392207	0.00115578	-0.0458334
252	0.00551292	-0.0188822	-0.0298747	0.0176002	0.00220523	-0.0400025	0.0102994	0.024106	-0.0500239	-0.0182674
255	-0.0163326	-0.0517201	-0.0171355	-0.00843387	-0.0322711	0.0141666	-0.0248436	-0.0102705	0.0591911	0.00512782
257	0.0991147	-0.0356366	0.0982218	0.0469022	-0.0730745	0.0979884	-0.0217733	0.0498986	-0.0206254	0.0767043
259	-0.00307537	0.0174579	-0.0146802	-0.0118741	0.00877699	0.0212956	-0.0200003	-0.000962356	-0.0268063	-0.0541239
260	-0.0135959	0.0178393	-0.00970384	-0.0035336	-0.00283247	0.027245	-0.00626659	-0.0505039	0.0034285	-0.00229496
261	0.00178834	0.0152043	-0.0231036	-0.00988638	0.00722555	0.0295767	0.0616862	0.0475127	-0.0369995	-0.00642917
262	-0.0122618	-0.00293862	0.0101118	-0.00765339	0.0166227	-0.0222491	0.0397527	0.0319825	-0.0450797	0.0160135
263	-0.00824218	-0.00310785	0.0150591	0.0256441	-0.0429507	0.032796	0.00992417	-0.00128703	-0.00474268	0.0778636
264	-0.00679749	-0.00283298	-0.00846709	0.00672946	0.00869715	0.0322293	0.0211958	0.0211144	0.00792005	-0.0460104
265	-0.0162836	0.0237124	0.0116466	-0.0175868	0.00506699	0.0431011	0.00454057	0.0257996	0.0113845	0.0218503
266	-0.0105526	-0.0450429	0.0310794	-0.0124098	-0.027228	-0.032138	0.00960431	-0.0065756	0.0381328	-0.0155407
267	-0.00935607	0.00919658	-0.0261122	0.0274837	-0.0274339	0.0250776	-0.0371425	0.0319005	-0.021218	0.0177887
268	-0.0057861	0.0059708	0.00473284	0.0246177	-0.00112544	-0.02816	-0.0761566	0.0313292	0.00772484	0.00420063
269	-0.00516591	0.011112	-0.0316838	0.0321439	0.0167047	0.00907339	-0.0114917	0.0189148	-0.0462943	0.0351611
270	-0.00560666	0.00600189	-0.031608	0.00802618	0.00754256	0.00492168	0.0138459	-0.0073967	-0.0129077	-0.00353301
271	-0.00491788	0.00284017	0.000862513	0.0242373	0.0142332	0.0474577	0.0393906	0.0175244	0.0358548	-0.0431827
272	-0.00883135	-0.0543281	-0.0292877	0.0180597	0.0188911	0.00213357	0.00190671	0.0109308	-0.0121085	0.0379107
273	0.00434118	-0.0158174	0.0519091	0.0289973	0.0238795	-0.0134436	-0.012569	-0.034635	0.0637733	0.00293863
274	-0.0172081	0.00944762	0.0110323	0.00986014	-0.0401812	0.0448759	0.0203227	-0.030448	0.0343669	0.0248511
275	-0.0211105	-0.00710226	-0.0400733	-0.0243241	0.0309939	-0.0379361	-0.00594696	-0.0167653	-0.0376285	-0.0496673
276	-0.0133843	-0.0127505	-0.0120972	0.042938	-0.0731508	-0.0666085	-0.00845508	-0.0204441	0.00564597	0.0105434
278	-0.0233094	0.00161856	0.00422136	-0.00260903	0.00871522	-0.0462291	-0.00591624	-0.0266315	0.00622002	-0.034084
279	0.000745752	-0.0329934	0.017666	-0.0322967	-0.0297999	-0.034472	-0.00387423	0.0158435	0.00917512	0.00256617
280	-0.0137679	0.0276428	-0.00600591	-0.0165388	-0.02608	-0.0108309	0.0147421	-0.0252937	0.00383701	-0.0257783
281	-0.022723	0.0278288	0.021164	-0.0738858	-0.0425888	0.0130549	0.00230847	0.00512614	-0.0113774	0.0444014
283	-0.00639181	0.00356655	-0.0123515	-0.0233339	-0.0786947	0.0108694	-0.0211964	-0.00188936	0.0257641	0.0339023
284	0.00739922	-0.064248	0.0440836	-0.0247075	-0.0391026	0.0333836	0.043096	0.0885907	0.0404018	0.072929
285	-0.0103954	-0.0266416	-0.00337509	0.00980268	-0.00150277	-0.0087311	-0.014161	-0.0510434	-0.00898102	0.0451312
287	-0.00247495	-0.00041268	0.0173729	0.0213635	-0.0492476	0.0626937	0.0173789	-0.0295203	-0.0441266	0.0266098
288	-0.0184258	0.100052	0.0253021	0.027004	-0.031519	-0.0116576	-0.0340685	-0.00966916	-0.0495754	-0.0197743
289	-0.0137648	0.0135341	0.0326949	-0.0572153	-0.0130622	-0.0255851	-0.0345435	0.0214005	-0.0394667	0.0458695
290	-0.0288061	-0.00563651	-0.0138934	-0.0479794	-0.0282651	-0.0209698	-0.0126994	0.0221718	-0.0282312	0.0507544
292	-0.0261074	0.0344539	0.00485741	0.043764	0.012967	0.0398668	0.0550066	-0.0119699	0.00496423	-0.023379
293	0.0621731	-0.0166747	-0.00542042	-0.0519503	0.0181452	-0.0803892	-0.0432426	0.151253	-0.0336754	0.178396
294	-0.0247192	0.00304847	0.011789	-0.0536791	-0.0173548	0.0374344	0.012682	-0.00383684	0.00406508	0.0294812
295	-0.0100653	-0.0322552	0.00550582	0.0532043	0.053395	0.00133747	-0.0142269	0.0343993	0.0108012	-0.0106966
296	-0.0137814	-0.00303505	-0.00680777	-0.0235673	-0.026444	0.0464499	-0.0402974	-0.0482401	0.0191985	-0.0251124
297	-0.016577	-0.0134767	-0.03418	0.0208533	-0.0345524	-0.000517584	0.0338776	0.0333511	-0.00765234	0.0676277
298	-0.00888014	0.0095472	0.00511337	-0.037355	0.0120499	-0.0169755	-0.0101139	0.00831009	0.018186	0.0235012
299	-0.00569474	0.0392091	-0.0417116	0.0226651	-0.0537621	-0.0102606	0.026414	-0.0522836	0.0312406	0.00563055
300	-0.00363573	-0.00277524	-0.0277224	-0.072333	-0.0136736	-0.00765909	0.0406905	0.0278723	-0.0397215	0.016132
302	0.015151	-0.0130208	0.0228054	-0.0148582	-0.00230721	-0.0755708	0.0304874	-0.0327715	-0.0265187	-0.0414898
304	-0.0191608	-0.00401197	-0.026039	0.045891	0.0172463	0.00361506	0.0761171	-0.0190818	0.0240263	0.0435845
305	-0.0014209	-0.00227384	-0.0141466	0.0570177	0.00449301	-0.0448559	0.00603564	-0.0184773	-0.0263661	-0.026942
306	-0.0241735	-0.0229866	-0.0399928	0.0103064	0.0418832	0.0570635	0.00717671	0.00479385	0.0281534	-0.00441338
307	-0.00703896	0.0447891	-0.0132688	0.0190104	0.0242593	-0.00905982	-0.0483838	0.0012806	0.0233959	0.0245859
308	-0.00435191	0.0391014	0.0312375	0.0276516	0.0409749	0.0539831	-0.0651765	-0.0263713	0.0165544	0.0410082
309	-0.00748479	-0.039023	-0.00235944	-0.0235123	0.0413388	0.0143227	0.000637336	0.0478898	0.0607007	0.00700723
310	0.0162783	0.0127713	-0.0262979	0.0524261	0.0243206	-0.00629539	-0.0447552	-0.0201703	-0.0565536	0.00867723
311	-0.0327151	-0.00153338	0.0114363	-0.0289442	-0.0175008	0.0323683	-0.0268473	-0.000258142	-0.0694614	-0.00423682
312	-0.0175757	0.00805348	0.0376794	-0.00468097	-0.000279919	0.043155	-0.0205104	0.0331736	0.0080745	0.059877
313	0.00616104	0.00259324	0.0389593	0.00294378	0.011729	-0.00289537	0.00237594	-0.0269789	-0.0639571	-0.0130694
314	0.0352579	0.119521	0.0323599	0.065105	-0.0230571	-0.00394278	-0.0465625	-0.0649795	0.0358434	-0.00546418
315	-0.00578032	0.0092266	0.00475841	0.0119091	0.0220833	-0.058606	-0.0390707	0.00303711	0.0773103	0.0150631
316	-0.00363211	0.0256402	0.00880429	0.00967862	0.00762252	-0.0392703	-0.0614666	0.0376097	-0.117263	0.0450099
317	0.00239104	0.0300106	0.0303535	0.0396868	-0.00960534	0.0301392	0.000842364	0.00249007	0.00080729	0.0151935
318	-0.0090819	-0.00845762	-0.0295126	-0.0186823	-0.0476126	-0.0268325	0.0257152	-0.0158812	0.00118407	-0.00222064
319	0.142614	0.0383066	-0.038278	0.0196142	0.0648811	-0.141084	0.108108	-0.0148631	-0.131603	-0.0695386
321	-0.0182705	-0.0199398	0.0202784	-0.00961931	-0.019049	0.00649992	0.0183248	-0.00763638	0.0249863	0.0222354
322	-0.0100699	-0.012007	-0.00285322	-0.00831193	-0.00233522	-0.0495461	0.0166466	0.025119	0.0110435	0.0604849
323	0.0247654	-0.0513823	0.0270129	-0.0397598	-0.0585926	-0.0307124	-0.0790832	-0.00671642	-0.0409156	0.0152115
324	0.00210368	0.00881559	0.0163174	0.0340322	0.0153627	0.0279879	-0.0259679	-0.0602014	0.0043063	-0.00881166
325	-0.015327	0.0105095	-0.0161488	-0.0500917	-0.0079785	0.0121562	0.00458857	-0.0191327	-0.0148261	0.00489558
326	-0.0380188	0.0566193	-0.00787901	-0.0246774	-0.00408604	0.0375019	-0.033031	-0.0499742	0.0424237	-0.0644945
327	-0.00122924	-0.0454771	0.00901479	-0.0489958	-0.0226723	0.0156204	0.010909	0.03931	-0.0334705	-0.0156846
328	-0.00901055	0.0238887	-0.0195071	-0.0199755	-0.0327927	0.0458531	0.097964	-0.00551465	-0.00889866	0.012541
329	0.0275062	0.0263728	0.0113005	0.0152327	-0.0116708	0.027612	0.026122	0.0593294	-0.0110452	-0.0330982
330	0.0202468	0.0311359	0.0285311	-0.0971858	0.0771626	0.0161255	0.0488469	-0.0354867	-0.0314678	-0.0196743
331	-0.00783327	0.00139245	0.0260466	-0.0663418	-0.0792478	0.0295625	-0.0166257	0.0316206	0.019155	-0.0163119
332	-0.0183106	-0.0340205	0.00304002	-0.0102022	-0.0308531	-0.0833315	0.006647	-0.00992529	-0.00647318	-0.0354548
333	0.000821696	-0.0122927	0.0457084	-0.03715	-0.0408232	0.0141674	0.0316093	-0.03491	0.0186852	-0.0477733
334	-0.00781324	-0.00899463	-0.0235918	-0.00567929	-0.00349145	0.0314695	0.0266943	0.0590189	0.0192183	0.0344462
335	-0.002797	-0.0215686	-0.0167039	-0.00700216	-0.0176189	0.0286262	0.0199911	-0.0280231	0.043401	0.00160234
336	0.0102964	0.105024	0.0487561	0.0958426	-0.0613368	-0.0800589	-0.0182765	-0.0215355	0.0713731	0.0473813
337	-0.00376935	-0.000693006	-0.037699	-0.00845936	-0.0523922	-0.0126448	0.00694252	0.036875	0.0453515	0.0154174
338	-0.0334233	-0.00715978	-0.0397092	-0.0466593	0.00925911	0.0133098	0.017101	-0.0506663	-0.0796047	-0.0211955
339	-0.0197316	0.000854601	-0.018163	-0.00731712	0.0306325	-0.00380286	-0.0477179	0.0420667	0.00206456	-0.00183421
340	-0.00890049	0.0154328	-0.00719505	-0.0103251	0.00598218	0.00594081	-0.00151245	0.0168638	0.0317104	-0.00375771
341	-0.0108874	-0.00423596	-0.0359129	-0.0108644	0.026945	-0.0447869	-0.020701	-0.0400059	0.050901	0.00832209
342	0.0419831	-0.0293211	0.0281861	0.0230686	0.00304011	-0.062104	0.00439823	0.0108975	-0.00788103	0.0154781
343	-0.0210939	0.0234907	-0.00356408	-0.0170754	0.0377565	0.0074914	-0.0534398	-0.0707338	-0.0598894	-0.042946
344	0.00362562	-0.0136166	0.0130337	0.00667315	0.0729695	-0.00239786	0.0106417	-0.0327673	0.0429408	0.0823068
345	-0.0116944	-0.0124325	-0.00050335	0.01399	-0.000329096	-0.0266601	-0.0118701	0.00433144	0.0163865	0.0225121
346	0.00199615	0.0123582	0.00290155	-0.00845479	0.0113328	0.00472571	0.0114261	0.0613075	-0.0261673	-0.0114204
347	0.0460259	-0.0344369	0.00177811	0.000208525	0.0573651	-0.0391321	0.0429712	-0.0145835	0.0527547	-0.0237463
348	-0.0330593	-0.0327334	-0.0222164	-0.00098372	-0.0319055	-0.0120964	-0.0107337	0.0181739	-0.0844954	0.00688796
349	-0.00774115	-0.0196207	0.00914743	-0.0318118	-0.0353608	-0.0157503	0.0140608	-0.00579422	0.00631571	0.00381251
350	-0.0127504	0.0226249	-0.00927192	-0.00842535	0.0308821	-0.0179733	0.0100758	0.0312539	0.0259891	0.0576389
351	-0.0147972	0.0113227	-0.00676498	-0.00360491	-0.00709582	0.0318974	-0.00625484	-0.0510259	0.0249124	-0.0227099
352	-0.0177238	0.00317398	0.0222083	-0.00329713	0.0393058	0.0183195	-0.0503599	0.0182331	-0.00992127	-0.012212
353	0.113668	-0.108539	-0.0100316	-0.00642817	-0.0304057	-0.00868297	-0.0944558	0.027786	0.0651463	0.013091
354	-0.0285216	-0.0296483	0.0249058	0.0280973	0.0261472	-0.0473004	-0.0213941	0.00330355	-0.00546629	0.0179828
360	0.00232735	-0.019126	0.00452533	0.0228122	-0.00594793	0.000963087	-0.00594017	-0.00306461	0.0322843	0.023306
361	0.000785915	0.0208018	-0.00298962	-0.000207948	-0.00594197	0.0112009	0.0409756	0.0231138	-0.023522	0.0444315
362	-0.0133793	0.00830493	-0.0209531	-0.0265374	0.014434	0.0468086	0.0177665	0.0151298	-0.0351644	0.0403979
363	0.0928889	-0.0590128	0.0527822	-0.0239365	-0.0397342	0.0156333	0.0153425	0.025781	-0.0278135	0.0105611
365	-0.00803203	-0.0235853	-0.0458703	-0.0133316	0.0283928	0.00112233	-0.0657213	0.0215807	-0.0322238	0.016467
366	0.0171705	0.0679745	0.0134274	0.0560471	-0.0366558	-0.0145486	-0.02885	-0.0266444	0.0223475	-0.0493232
367	-0.0155314	0.0294293	0.00501561	-0.022264	-0.000212168	0.0255686	-0.010487	-0.026189	0.036018	-0.0420827
368	0.0380041	-0.0373564	0.00176095	0.0152798	-0.0366635	-0.0239046	-0.0331197	0.0116309	0.0568204	-0.0141885
369	-0.0193011	-0.00521617	0.0346703	-0.0143264	-0.0043378	0.0720472	-0.00812064	0.00177218	0.0717698	-0.0144252
370	-0.00390252	-0.0192807	0.0142364	0.00616637	0.0016938	-0.0455116	0.0188793	0.0287054	-0.0259305	0.0277048
371	-0.00590291	-0.0585044	-0.000671551	0.0436893	-0.0543986	0.0288669	0.0129399	0.0362398	0.00334788	-0.028313
372	0.0954853	-0.0621124	-0.0352151	0.028746	-0.111607	0.0217586	-0.0576229	0.0389091	0.0356463	0.062289
373	-0.015361	-0.0154551	-0.00542625	-0.0308329	0.000151137	-0.00658935	0.00925136	0.00463837	0.00933043	-0.0116298
374	-0.0158147	0.00887394	-0.0203461	0.0216004	-0.00583346	0.0364839	-0.0514821	-0.00878334	0.0178767	0.00559368
376	0.0011912	-0.00970117	-0.00098942	0.000109656	-0.0149165	-0.00725776	0.0186304	0.0319256	0.0273285	0.0162749
377	0.303094	-0.111917	-0.234428	-0.0468804	0.0669612	-0.175004	-0.0967865	0.028288	-0.0575629	-0.285452
378	-0.00551609	0.0406834	0.0430502	-0.0177542	0.0017224	0.00381826	0.000110932	0.0249691	-0.011161	0.0562187
379	-0.0176609	0.0248792	0.00578858	0.00634747	0.0411755	0.00436349	-0.0480832	-0.0580613	0.0194589	-0.00583926
380	0.0940223	-0.0876949	-0.00959369	0.0246085	-0.0685983	-0.011348	0.0924532	0.0376424	0.183609	-0.0327287
381	0.0222218	-0.0221754	-0.0330978	0.0442482	0.0064788	-0.0128139	-0.0120907	0.00224261	-0.0179878	0.0412313
382	0.253976	0.00668262	-0.190139	-0.0154547	0.218844	-0.0361409	-0.125386	-0.0726393	-0.00144578	0.124016
383	0.017673	0.0172062	0.0481694	0.012402	-0.0208477	-0.0197476	-0.0123113	-0.000925448	0.0416059	0.000390471
384	-0.0178222	0.00615792	-0.0444396	-0.00707744	-0.0149101	0.0681671	-0.052547	0.0525103	0.0786972	0.0209269
385	0.00191358	0.0069805	0.016475	-0.00811995	0.0397623	-0.0268572	-0.0200727	-0.00762511	-0.0402772	-0.0693072
387	-0.0199481	-0.00191368	0.0111444	0.00323981	0.00149305	-0.020298	0.0189816	0.0245857	-0.0263476	0.0152889
390	-0.0149944	-0.0112435	-0.0283993	0.0194111	-0.00974979	-0.0291839	-0.0304482	0.000938829	-0.0193967	-0.0427042
391	-0.0239021	-0.0111348	0.0142297	0.0196377	0.0379373	0.0179836	0.0441424	0.00799963	0.0458233	0.0242805
392	-0.00664683	0.00561536	-0.00436475	-0.0618607	0.0321936	-0.0036371	0.0101221	0.0258293	0.0233484	-0.0155166
393	-0.0154018	-0.0751741	0.00804187	-0.0101276	-0.0190252	0.0216544	0.0153333	-0.0198683	0.0419552	-0.0019476
394	-0.00341341	-0.00596034	0.00349685	-0.0148752	-0.00351402	0.004464	-0.0119551	0.0267776	0.0113626	-0.0155278
395	-0.0212295	-0.023248	0.0118596	-0.0197642	0.00286728	0.0529368	-0.00783481	0.0112952	-0.0364182	-0.0126783
396	-0.00413568	-0.00228527	-0.0509973	-0.00466367	-0.0222513	0.000108424	0.00904008	-0.000161402	0.0329661	-0.0109742
397	-0.00895779	0.000154199	-0.00184252	0.00883716	0.0013256	0.0150829	0.00184612	0.0261947	-0.0227557	0.0567795
398	-0.00335699	0.0252509	0.0112519	-0.0300504	0.0200021	-0.029928	-0.0298334	-0.007369	0.00357815	0.0676082
399	-0.0181959	-0.043704	0.0591803	-0.0199472	-0.0569031	-0.0348716	0.0241465	-0.0199229	0.0348851	0.000296963
401	0.143957	-0.0546802	0.0652933	0.0202147	-0.00442121	0.0302425	0.0174865	0.0127023	0.0883842	-0.00219153
402	-0.0168959	-0.00451483	-0.0150435	-0.0106744	0.054347	0.00689601	-0.0350382	-0.0429322	0.0270775	0.0100979
403	-0.00584704	-0.00716268	-0.0137446	-0.0534921	0.0298637	0.00767545	0.0292308	-0.0343437	-0.0550108	0.00761002
404	-0.00237956	-0.0186917	0.0297868	0.00877783	0.0375131	0.0151505	0.0319021	0.0247284	-0.0169632	-0.0194456
405	-0.0251344	-0.0470871	-0.0175384	0.00664947	-0.00180581	-0.036053	-0.0512163	-0.0320555	-0.0384349	-0.0286022
406	-0.0209395	-0.0344445	-0.00942249	0.00257696	0.0417014	-0.0114465	0.0619472	0.000964553	0.0252438	-0.044729
407	-0.000653779	-0.0118298	-0.004133	-0.027491	0.00162164	-0.00210117	-0.00587377	0.0290036	0.0390031	-0.0390296
408	0.0198444	0.0552089	-0.00138974	0.0211271	0.0239345	-0.0252587	0.0875801	0.00739001	-0.068839	0.00735108
409	-0.0121399	-0.018216	-0.030855	0.0108015	0.0270217	-0.0511878	0.0219347	0.00311538	-0.0537082	-0.0296755
410	-0.0185631	0.0266489	-0.0103109	0.00705972	0.0184783	0.0216904	-0.0312601	-0.00138537	0.0280375	-0.0241941
411	-0.0167891	0.0119175	-0.0114773	-0.0416926	0.0361517	0.00660949	0.0136965	0.019408	0.0102292	0.00268367
412	0.0517002	0.0272413	-0.0233057	0.0465274	-0.000605254	0.00630958	0.0314265	0.0462355	-0.0729974	-0.072286
413	-0.00566056	0.00412565	-0.000528698	0.0368749	-0.0293568	0.0149854	-0.00962524	-0.0284532	0.000149078	-0.0145155
414	-0.0311428	-0.00926289	-0.0231193	-0.0129198	-0.0142499	0.0298206	-0.00868776	-0.0102023	-0.0565792	0.00558
415	0.00172451	-0.0143353	-0.00192843	-0.00501929	-0.053267	-0.00897996	0.0207495	0.000973157	0.0443082	-0.0603995
416	0.0496126	-0.0229277	-0.047966	0.0206943	0.0174283	0.0467076	-0.00560889	0.0448284	0.011671	0.0443385
417	-0.0272147	-0.0252443	-0.0145495	0.0267617	-0.0357841	-0.00262708	-0.0432646	-0.0177228	0.011348	-0.0518835
418	-0.00684418	-0.00951138	-0.0168365	-0.0747035	-0.00514018	-0.0138434	0.0173766	-0.0324667	-0.0125975	0.026526
419	0.0228357	0.00279203	-0.00496086	-0.00468672	0.0234502	0.0203983	-0.0265474	-0.0221361	-0.0184735	0.0378988
420	-0.0202411	0.0134436	-0.0229918	-0.0523141	0.0479922	0.0176042	-0.019235	-0.0487275	-0.0228064	-0.038955
421	-0.0259653	0.0209381	-0.0226661	0.00546658	0.00430551	0.00420437	-0.0198442	-0.00609156	-0.0330084	-0.0294315
422	-0.00684569	-0.0141549	0.00535756	-0.0521758	0.106307	0.0293434	-0.0113905	-0.0363934	-0.0656354	-0.00879378
423	-0.0168489	0.00158931	0.0168148	-0.0417393	0.0202116	0.00627088	-0.00206096	-0.0168002	-0.000391192	0.000539394
424	-0.0210728	-0.0127033	-0.000483885	0.00324123	-0.0766568	-0.0337593	0.0177765	0.0502797	0.0323036	0.0516658
425	-0.0167727	-0.0423141	0.0287854	0.00454574	0.0218149	-0.045105	0.000213314	0.0114837	0.0229427	-0.0126879
426	-0.0139015	-0.0210706	-0.0101165	0.0560485	0.0159664	0.0132657	0.0489117	0.022422	-0.0181924	0.0779497
427	0.00484033	0.0259337	-0.0360443	0.00594149	0.0492586	-0.0476497	0.0413942	0.0434239	-0.0725738	-0.0811513
428	-0.0189367	0.00114197	0.0187449	-0.0141665	0.0221714	0.0166068	0.0223941	0.0128514	0.0313604	0.0260552
429	-0.0139506	0.0294778	-0.0233201	-0.0560214	-0.0443384	0.0427591	0.0173233	-0.0381182	-0.0372657	-0.0391085
430	-0.010116	-0.0281621	-0.032425	-0.0329705	0.0140613	-0.0129765	-0.00866542	-0.00450854	0.00156594	0.002627
431	-0.0335893	-0.0108423	-0.00992577	-0.0327364	0.000406549	-0.0196299	-0.040053	0.030649	0.0442172	-0.0327759
432	-0.0045435	-0.0357554	0.00199128	0.0198796	-0.00365639	-0.0227513	0.007603	0.000387954	0.0350863	-0.063369
