"ILMN_1774874" "ILMN_1705769" "ILMN_1787897" "ILMN_2184373" "ILMN_1791759" "ILMN_1720048" "ILMN_1671509" "ILMN_1674563" "ILMN_1791447" "ILMN_1773352" "ILMN_2052511" "ILMN_1775501" "ILMN_1704321" "ILMN_1699651" "ILMN_1728106" "ILMN_1778457" "ILMN_1674167" "ILMN_1772674" "ILMN_1735208" "ILMN_1738725" "ILMN_1793988" "ILMN_1775822" "ILMN_1809813" "ILMN_1716608" "ILMN_2375879" "ILMN_1790149" "ILMN_2207504" "ILMN_3239965"
"X2" 11.49924092 7.278410247 12.2126671 10.8929447 12.86508684 8.331080774 11.57698092 8.490955141 7.007174425 12.5954355 6.879978908 15.25495927 7.018607107 13.49138693 13.17565011 13.6694202 8.884501206 6.998481508 7.279538503 7.36176156 7.328597865 9.477640575 7.048258298 7.119322525 8.026387544 6.955271837 6.227926754 9.021166742
"X3" 11.59114799 7.11826614 11.56906363 10.93462729 14.73040381 8.000501914 11.58020062 8.941509388 7.048468472 13.24807063 6.854789639 14.97260113 6.984372939 13.92985067 12.98576257 13.29665652 7.220788101 7.032600531 7.347838383 7.191819363 7.32103035 9.087831927 7.013286751 7.124794415 7.83919149 7.151671081 5.934708941 9.809559053
"X4" 10.74963959 7.089981742 11.74048473 10.98478867 15.24444194 9.204022483 11.60615296 9.047973064 7.204854785 13.24860362 6.809253837 15.15916015 7.026132632 13.40294534 13.29738142 13.18784758 9.220314883 7.05463737 7.187936233 7.268806475 7.147823714 9.022724979 7.087639368 7.094270531 7.946228319 7.150622075 6.136968325 10.30025625
"X5" 11.60216061 7.536749775 12.33721915 10.85641175 15.60228922 9.801212054 11.50283158 9.671081755 7.196902391 13.54047265 6.774390319 15.07252807 7.088023493 13.90210359 12.90796651 13.34376236 8.979807579 7.033674888 7.361165187 7.210184541 7.087121112 8.645215968 7.110831357 7.098389077 7.806245525 7.046111798 5.913847206 11.34635977
"X8" 11.87702317 7.514383285 11.99933255 10.93383956 15.67016733 9.415390781 11.49782627 8.231402495 7.183712345 13.72032475 6.808719744 15.04892248 7.082626526 13.90320346 13.31326833 13.49100137 8.364278096 7.003732068 7.432199514 7.36880953 7.013667082 8.415967823 7.232777202 7.091444274 8.166292244 7.02682955 6.535745637 11.97204043
"X9" 11.82630511 7.110798556 12.02508958 10.98863804 15.60161652 9.612454153 11.66478629 7.909542677 7.33009432 13.68927831 6.897029633 15.38507786 6.982242664 13.5553198 13.20640368 13.10215141 8.932957101 7.040746245 7.208823051 7.264208396 7.139890295 8.742156232 7.063481862 7.07943732 8.043560619 7.086118982 6.173608879 10.73375191
"X10" 11.65491164 7.357673572 12.42433969 10.80755832 15.37149786 9.684048373 11.63955302 7.838670342 7.869578734 13.62204595 6.946790475 15.17976888 7.034429802 12.85405212 13.20957096 13.38524641 9.570377316 7.048752702 7.268217454 7.346312024 7.110731104 9.496133158 7.069081889 7.087541601 7.761585089 7.006868501 7.391511895 9.989084762
"X11" 11.87625259 7.276038189 11.92900212 10.86672325 15.31492309 9.595256695 11.41816841 8.891649317 7.059528201 13.69466671 6.844759701 14.97952708 7.139844756 13.67070326 13.031885 13.27005408 9.317781719 7.021604401 7.290516517 7.161063566 7.247347766 8.94929825 7.206782575 7.006626852 8.017911179 7.200739484 6.353336657 9.839214716
"X12" 9.891000776 7.588873452 12.75954492 10.95184568 14.18138789 9.24812789 11.55516848 8.60427858 8.15377726 12.6210621 6.874281493 15.25535982 7.0799959 12.91398229 13.13636892 13.11972404 9.219299222 6.940965568 7.475406688 7.449921289 7.0486009 8.903332639 7.07731012 7.122285907 7.945274138 7.01454207 6.003799153 9.18331168
"X13" 11.54215601 7.165284247 12.310173 10.84068873 15.37875694 9.692307594 11.49695934 8.836138565 7.032239196 13.71062224 6.9702712 14.8274192 7.025402603 13.69011152 12.80520891 12.8857136 9.22134763 7.040427255 7.399679196 7.186956135 7.284910261 8.945591468 7.121874114 7.04624003 8.12456937 7.024806885 6.111729617 11.0977178
"X15" 11.79044393 7.187903912 12.72677365 10.86166876 15.50219328 9.851651707 11.50983977 8.819785509 7.194604008 13.6657704 6.945730252 15.00414516 6.923865481 13.69268917 13.14415271 13.06686374 8.648081657 7.022370752 7.506822739 7.269166226 7.267653417 8.488471578 7.02237549 7.068147562 8.20817872 7.005733501 6.571841451 10.52856995
"X60" 11.49801324 7.155952508 12.54459155 11.43363814 14.71092048 10.19781521 11.91382113 8.27530345 7.263207129 12.43781431 6.842584918 15.5246937 7.094893892 12.63307798 13.03295996 12.89349205 9.038323241 7.048799942 7.392141256 7.411880004 7.186935827 8.823470475 7.001496874 7.016341601 8.151326044 6.937346392 6.64006661 8.783683828
"X61" 10.80934687 7.469978197 12.42023302 11.01628547 14.50474116 10.11835321 11.7182903 8.71989125 7.541617579 12.41641963 6.873377107 15.22450409 7.027300732 12.87156936 12.63795349 12.94877673 8.710641611 7.010497867 7.370610318 7.488578928 7.406087512 7.918116921 7.057561261 7.052456717 7.573540539 7.021926608 7.580011945 9.251254654
"X62" 10.78211404 7.281652663 12.22523197 11.16579807 13.91418536 9.704490254 11.65147914 7.585981511 7.43526526 12.17502261 6.797948657 15.36387447 7.102431528 11.48558489 12.54875308 12.7184344 9.24830684 7.055120332 7.340561305 7.400780314 7.114658938 8.736042821 7.042503049 6.999072557 7.857521554 6.99243374 6.242356073 8.540390127
"X64" 11.43255532 7.168721859 11.75226414 10.96863612 14.48196275 9.473711895 11.61102288 8.931904986 7.480283434 12.41188103 6.80858247 15.21069829 6.947012083 12.71737423 12.91927618 12.87946694 9.294955195 6.941628875 7.218420567 7.327217409 7.217830487 8.568162745 7.013118573 7.012684323 7.86479963 6.980006382 6.437285807 8.840362691
"X65" 10.81821726 7.186851942 12.48206585 10.86460924 14.86664426 9.37380759 11.57035573 8.03812088 7.174997203 13.26209177 6.839672589 15.10366632 6.991367493 12.94785276 13.23365855 13.40114232 9.826783426 7.033883277 7.173534252 7.296611597 7.123801744 9.800522735 7.324039551 7.076137002 8.038513277 7.033503043 6.532748842 9.848504355
"X74" 11.17321215 7.371378241 12.17661266 11.06218896 15.45611815 9.918192455 11.65745948 9.046969945 8.382793204 13.10375211 6.946942997 15.25054855 7.166414451 12.98256768 13.32671981 12.77994797 9.502888135 7.01413848 7.173617019 7.27132532 7.11582319 9.889762579 7.290717386 7.077862241 7.91333432 6.995597916 6.341891412 9.693709027
"X75" 10.61375463 7.147272095 12.47682266 10.90477712 14.14838603 9.186114776 11.46778078 9.027253735 7.172594269 12.23051979 6.893791281 15.13813121 7.142978532 12.47514308 13.08394398 12.77846955 9.158399631 7.199468208 7.32513292 7.781194064 7.59115813 9.343370183 7.019454746 7.069213387 8.157010543 6.982138155 6.46162951 8.438376821
"X76" 11.44915709 7.093518337 12.33091209 10.92149038 15.06529107 10.05693019 11.53563484 7.682591848 7.730317673 12.97909852 6.844903597 15.12167889 7.015419569 12.58838701 13.10567757 13.04397821 9.475545524 7.021267124 7.265186844 7.41193175 7.142246711 9.368726778 7.125951633 7.031518037 8.165268984 7.001660819 6.96202296 9.500318174
"X80" 11.5454038 7.158017485 12.42942569 11.10089588 15.52277806 9.911988125 11.56036207 8.818174426 7.270777737 13.85884352 6.824116869 15.17020733 6.972907491 13.97799314 13.32670113 12.9659245 9.116167363 6.968230305 7.261499934 7.381136244 7.11020422 9.562566168 6.990065047 7.046023264 8.013320041 7.011252941 6.235970857 11.83653956
"X81" 11.33116156 7.111860104 12.32087606 11.3268429 14.98929533 10.09788657 11.72255162 8.286944551 7.319018128 13.25213725 6.991593562 15.35083453 7.053831803 13.38639887 13.27598929 13.08192139 9.946135352 6.967754792 7.202767272 7.532155793 7.65816921 9.280782597 7.021975183 7.066034558 7.825012174 6.980933318 6.668510635 9.367268666
"X84" 10.81173117 7.347075954 12.13319834 10.97641793 14.43400433 7.798826367 11.50609399 9.057655289 7.062176725 12.98959666 6.811785441 15.18213906 7.014827239 13.52100466 13.18519825 13.32618409 8.734578845 7.065928911 7.494907152 7.525361372 7.412944013 9.212595738 7.124248837 7.071378525 7.955986938 6.940439223 5.629299903 9.104343792
"X86" 10.87463561 7.280362964 12.68297454 10.91684567 15.15251007 9.818966331 11.70283066 8.243236884 7.375419732 13.07747489 6.814729205 15.1800288 7.047277787 13.09258864 13.25340724 13.00647047 9.300280773 7.049016934 7.107857612 7.643320378 7.258782084 9.161266609 7.030913103 7.089035394 7.812569034 6.967398555 6.339579443 9.440875984
"X88" 10.67581096 7.186489344 12.72457863 11.13354029 14.60334865 9.849390029 11.6645879 9.128346906 6.99397689 13.11710419 6.816618744 15.20642783 7.017273535 13.66632276 13.38096484 13.28645424 9.640188464 6.995782578 7.258980837 7.594472057 7.400590608 9.550295358 7.068518453 7.110073022 8.000109582 6.972795505 5.756624054 8.693740971
"X89" 11.53507124 7.149782303 12.59445282 11.19107932 15.0765942 9.560843439 11.50771012 9.800622569 7.163487082 13.18310628 6.969765919 15.18012122 7.334178653 11.77321789 13.35961937 13.27363074 9.225588136 6.992366724 7.301398065 7.253711737 7.342072969 9.555656471 7.069895337 7.040903083 7.601795629 6.939861503 6.100574139 9.700338881
"X92" 12.0562802 7.093297374 12.31115228 11.0786022 14.9194603 9.293255066 11.53737017 8.1486498 7.004443598 12.94994779 6.89676948 15.16094531 7.048515037 12.96805856 13.16114274 13.40596795 9.600447291 7.029363639 7.136657293 7.537848897 7.145756444 9.863821475 7.067732901 7.121926858 7.641762876 7.002592893 6.135205992 8.853568861
"X94" 11.03058726 7.470821174 12.62827712 11.291491 15.38811541 9.642520095 11.83713982 8.255850669 7.30447962 13.42343682 6.822272427 15.70891278 7.022439965 12.64768957 13.43218417 13.34988274 9.603925769 6.986607011 7.13968845 7.404076472 7.460246761 10.00449652 6.989982587 6.978270895 7.793402783 6.945660864 6.775181615 10.92176527
"X96" 11.76595699 7.112007934 12.75468811 11.05298369 15.42366533 9.702670532 11.59225065 8.779483125 7.077770399 13.2719455 6.931153112 15.15925163 6.999562264 12.98225443 13.32924655 13.40436015 9.120433758 7.028488359 7.229934873 7.43428594 7.049788817 9.725099356 7.015764782 7.023992713 7.628214498 7.091072699 6.800107918 10.75758421
"X98" 11.38882755 7.269073489 12.39053004 11.13907602 15.04895682 10.01869178 11.59125974 8.987153765 7.506142314 13.06675454 6.997475801 15.39709079 6.995458392 12.95425632 12.88609137 13.28098823 9.616002207 7.009622838 7.332618184 7.315734063 7.228086241 8.878630293 7.103759071 7.096616528 7.875519906 6.983438971 6.815147643 9.768605069
"X102" 10.88684215 7.249194728 12.37168475 11.02179608 14.91232655 10.13894515 11.41490569 8.544055015 8.247499642 12.82041179 6.903618073 15.13151337 7.009735198 12.98779288 13.01622018 12.97929731 9.47686682 7.006330392 7.320221153 7.598845823 7.164817638 8.357620082 7.007959949 7.022416771 7.80325495 6.94844935 6.62608256 9.225510892
"X106" 11.29905918 7.127629884 12.09271447 11.29878118 14.99980235 9.529919836 11.72242493 8.415006671 7.48657027 13.09206913 6.967063595 15.37462476 7.04344382 13.31940138 13.37819518 13.15351178 9.203317893 6.928297327 7.261197749 7.48719931 7.288135832 9.524428444 7.132142872 7.092139713 7.638179946 7.067291618 6.714016434 9.202620466
"X110" 10.89023405 7.35257206 12.55758398 11.28471428 14.57675616 9.289154327 11.61978158 9.470811191 7.274818284 13.21290259 6.864292475 15.28699594 7.040453909 13.42043504 13.23059542 13.24033444 9.593542897 7.009164849 7.065549436 7.481525161 7.329718882 9.3530377 7.033621465 7.027777407 7.951927145 7.045639655 6.072440586 8.81486365
"X111" 11.246551 7.254904933 12.19849756 10.94995412 15.27218262 9.503626162 11.38357847 9.07180703 7.322373718 13.27972992 6.847685292 14.96226997 7.042167364 12.22955168 13.09797629 13.18558836 9.218902081 7.089782439 7.158606864 7.194941428 7.1290618 9.472349426 7.166277282 7.034622112 7.766705195 7.01578742 5.981898501 9.586965574
"X112" 10.80433604 7.198608105 12.34504099 11.07271531 15.47756234 9.501373567 11.60325142 8.367942053 7.714180238 13.70567497 6.94273357 15.26356685 7.254101855 13.6869887 13.38382277 13.20181991 9.207195945 7.09960687 7.39892699 7.525356783 7.305047952 9.672038977 7.109219145 7.097810922 7.790292119 7.015588012 6.276819565 10.02750719
"X116" 11.3114063 7.387431413 12.4751386 11.18998604 15.05137058 9.802723507 11.78207098 7.763400055 7.102967398 13.18039649 6.795871677 15.34292727 7.028900454 12.61732488 13.2892788 13.16718614 9.636087462 7.018269448 7.20573217 7.734436664 7.106581185 9.331446785 7.070319999 7.097028878 7.867392787 7.00322963 5.730626702 9.312555006
"X117" 10.93126329 7.088627531 12.45924089 11.22712816 15.03804048 9.231590248 11.57607635 8.917874467 7.048702516 13.31658643 6.889857579 15.26184632 6.996596967 13.46427294 13.15561518 13.48212008 9.57815114 7.013464636 7.122399574 7.283770041 7.114937366 9.826398453 6.989580519 7.029445874 7.881077644 6.95303647 5.943825163 9.246067371
"X119" 11.41347213 7.376317887 12.35934756 11.15856016 15.44081254 9.920273947 11.66630987 9.049160192 6.960021375 13.13906109 6.890274881 15.15927627 7.124277229 13.82457591 13.17943975 13.10341916 9.485601632 6.967552572 7.252163408 7.471171883 7.118133471 9.070314982 7.082033289 7.144040756 7.912206185 7.018149894 5.822061397 10.10798917
"X123" 11.24930489 7.483287539 12.65951825 11.22059751 15.22725012 10.51981104 11.77878044 8.159237693 7.568175453 12.93803476 6.846055313 15.31121685 6.927925446 12.3338099 11.88853631 12.88702921 8.990101168 6.946028207 7.334759614 7.401042661 7.483184113 8.430084122 6.998244266 7.147712097 8.029525387 6.962438036 6.380103857 10.46403013
"X125" 11.52711789 7.274771143 12.45479138 10.94724276 15.48368351 10.36953664 11.59940625 8.472190391 7.633354893 12.68887357 6.886135747 15.1434552 7.086611613 13.03911698 12.64280586 13.05905987 8.756911015 7.06424892 7.196116641 7.39216106 7.170408579 7.857897657 7.114907029 7.095438629 8.081437943 7.208370209 6.140082724 10.09852193
"X128" 10.79921788 7.275213409 12.56211094 11.23669352 14.75790852 10.44400258 11.68741536 8.543932086 7.341735595 12.78621443 6.804526205 15.41814768 7.042149628 13.36690814 12.50078041 12.76312518 8.571230204 7.040086905 7.235421124 7.521748375 7.353812122 8.638271413 7.039209897 7.08232058 8.198661816 6.956040984 6.269547779 10.48666873
"X130" 10.94403271 7.235263789 12.25933268 10.84977386 14.75664213 10.24589452 11.55604077 8.289871282 8.037658518 12.95622975 6.840396698 15.28152272 7.00740568 13.47168217 12.8560075 12.83033884 8.721360982 6.923081053 7.191273293 7.617467289 7.143271663 8.327217025 7.083568889 7.161660659 8.201754689 7.036988967 6.611148897 10.05413423
"X131" 11.40468154 7.106438111 12.36164064 11.22403826 15.36178711 10.0984823 11.75730461 9.715631191 7.758571773 12.65173388 6.818017608 15.52212078 6.925186616 12.37896967 13.2192512 13.03131079 9.113333792 7.206662879 7.123949631 7.130566186 7.576497776 9.030755848 7.252677069 7.075966603 7.478106217 7.316754429 6.006212266 12.27799465
"X132" 11.05713686 7.454978903 12.43196248 10.9782803 15.23706015 9.833154412 11.38965773 8.659866644 7.272290007 13.28004406 6.936972152 15.23038431 7.028583663 12.91845312 13.01077024 13.42934219 9.07058681 7.151668146 7.088377818 7.186457695 7.074146805 9.418941867 7.070357616 7.112085392 7.817993886 7.004416002 6.529460722 10.21821881
"X137" 10.65353109 7.47668048 12.05225677 11.25759806 15.32719439 10.07111521 11.87439398 7.999841733 7.548465635 12.87683452 6.944372465 15.49780726 7.116307736 13.17378852 13.07473459 12.83819271 9.28309619 7.0692612 7.354178791 7.194634129 7.09492725 9.658633025 7.323412871 7.047630923 7.959656798 6.979781613 6.503500425 9.95038132
"X140" 10.77609738 7.242832066 12.49993223 11.26691252 14.93316295 9.7629366 11.81195668 9.2056451 7.365961624 12.62431235 6.976942427 15.45177742 7.035996581 13.0473764 13.39078519 13.24674056 9.299576021 7.009354326 7.190345906 7.146359839 7.216171184 9.454028823 7.027850838 7.069999091 7.901313152 6.992060519 6.068583529 9.349672453
"X142" 10.96946511 7.468402463 12.55396816 11.10819253 14.75377221 9.43228532 11.66437289 8.979460803 7.110416322 13.12795682 6.753073801 15.29293188 7.000201896 12.5734364 13.19466747 13.29966352 9.647733615 7.040161825 7.308315168 7.335498427 7.212271887 8.184582049 7.099575707 6.946147737 7.871063472 7.030986036 6.312240327 9.387446664
"X144" 11.11282712 7.322623513 12.60891838 11.16614959 15.02396731 9.529216465 11.62388936 8.537558353 7.31172972 13.39002576 6.869186875 15.34155172 7.036888568 13.48269389 13.35905768 13.49073131 9.747901691 7.003321643 7.391535051 7.279804197 7.329479373 9.000620187 7.03506327 7.083324455 7.862866768 7.023400998 6.072583949 9.880470497
"X146" 11.51241874 7.096592577 12.3530893 10.98383207 12.47306983 8.878631049 11.41947735 8.938466277 6.93158715 12.8772007 6.860089103 15.06342747 7.029532008 13.41885225 13.09716747 13.13589278 9.309038396 6.855699597 7.321015508 7.643336585 7.195545722 9.16321031 7.110746349 7.085637138 7.80479625 7.037389198 5.749008858 8.175609496
"X149" 10.96538804 7.142607693 12.61634573 10.96409565 14.62736202 8.998138545 11.62355059 8.726783721 7.040103659 13.12733669 6.921969315 15.17875959 7.026978009 13.71272598 13.28851705 13.44122243 9.137262202 6.952617274 7.314830382 7.287256034 7.094051414 9.873049266 7.165268317 7.090933222 7.704513088 7.005462038 5.903053124 9.238522459
"X151" 11.58330011 7.099541958 12.36572871 11.30604561 14.34179463 9.258421224 11.83248971 7.732187778 7.254697289 12.66957782 6.838463963 15.35704378 7.050605457 12.41383839 13.23442241 12.91814341 8.978442835 7.017711648 7.079142805 7.083381619 7.154416099 9.400659417 7.150650431 6.997952406 7.761531494 6.966551989 6.650623979 9.286311427
"X152" 10.78961667 7.537114902 12.27596326 11.17533852 15.40755996 8.769880698 11.60523007 8.87176817 7.700262753 13.47533896 6.918880558 15.30274391 7.024187569 13.26770189 13.41525487 13.42461603 9.502851249 7.02283117 7.235604463 7.247229419 7.113013803 9.646970908 7.110654103 7.068116023 7.512074339 6.985025826 5.782197384 9.942363935
"X153" 11.47229091 7.110085727 12.39527608 11.14407775 14.48672984 9.257325782 11.51804115 8.56442619 7.073155245 13.07718461 6.898138172 15.17171577 6.843182693 13.18403873 13.19990808 13.3265484 9.499507218 6.985865646 7.367123202 7.119836683 7.135907346 8.863604589 7.055329881 7.033225158 7.764322114 7.062819121 6.008343998 9.139087975
"X154" 11.0601969 7.061679943 12.49736424 11.01387905 14.43551091 9.377005453 11.53741906 8.96004832 6.868026327 13.44350083 6.897816751 15.14722291 7.359235538 13.06524612 13.21452951 13.43244895 9.153879234 7.006648587 7.602904571 7.485311345 7.375640275 9.906016895 7.057750684 6.992581374 7.982949771 6.916789587 6.378609156 9.551453131
"X155" 11.38846577 7.086681378 12.54475807 11.11310278 15.11850989 9.313964589 11.70571413 8.648916094 7.279748459 13.23878999 6.82929843 15.33585112 7.040858275 13.07894469 13.42592627 13.44887893 9.480661798 7.022602023 7.232115352 7.419525388 7.037581127 9.706669401 7.038084894 7.111850324 7.946810593 6.986851457 6.398083111 9.640930648
"X156" 11.26968513 7.389613207 12.71109082 11.08550806 15.1455059 9.149995293 11.65093604 8.755649309 7.210081466 13.56003209 6.967505258 15.2593122 7.03705909 13.21814248 13.40129438 13.17818 9.649850663 7.103172928 7.387539215 7.516130634 7.158388349 10.14720624 7.056704697 7.087872241 7.92679203 6.968544684 6.035720468 9.815533472
"X157" 10.845845 7.350083242 12.48345441 11.15382004 15.02004354 9.407480306 11.67894175 8.308566658 7.117786558 13.26736967 6.962540319 15.26042018 7.176795809 13.03523207 13.2819542 13.31168904 9.44852062 7.024894297 7.176956537 7.506912437 7.122347386 9.828117982 7.06531177 7.101931986 7.87733865 6.914207698 5.926226357 9.596134947
"X158" 10.64204085 7.353531137 12.23977652 11.09845171 15.34784905 10.09418397 11.67784665 9.542565972 7.206249419 13.29681637 6.950685293 15.45328371 6.993891924 13.59682315 13.28881253 13.08416179 9.256390277 7.016709366 7.291416486 7.653210028 7.118315715 9.978462892 7.050607738 7.101997131 7.929022995 7.02285496 5.893801495 9.774315612
"X159" 11.47757288 7.357332764 12.34131544 11.35819283 15.64119151 9.617840755 11.63050197 7.927443734 7.496123282 13.75162186 6.939473209 15.32144204 7.042769569 13.66036678 13.2101208 13.24762227 9.860369264 7.0252211 7.132372429 7.292396413 7.366899202 10.29390672 7.02952994 7.10668852 7.891905613 7.004991897 5.930420172 10.19308291
"X163" 11.66027036 7.142452775 12.63016691 11.28464868 15.56548464 10.1747809 11.65410067 8.234845697 7.75033997 13.20548191 7.029195981 15.28565383 6.995643241 13.26929116 13.24762281 12.88179426 9.350929371 7.0191591 7.335107397 7.103119847 7.266118191 9.806002423 7.065603857 7.093206936 7.83068215 7.031800566 7.661456358 9.730675561
"X167" 11.39389859 7.111832997 12.41099661 11.11461309 15.2237532 10.03855332 11.66607481 9.319623916 8.167358989 13.47075636 6.895082996 15.28864636 6.965177919 12.98421567 13.11005724 12.85722651 9.214431916 6.987805179 7.102051075 7.418977093 7.113205817 9.507811253 7.018355788 7.085007631 7.802939766 7.046162677 7.371590109 9.8572867
"X168" 11.23517492 7.498569668 12.16628325 11.12042101 13.85281221 10.10840394 11.57329449 7.707728194 7.136115631 12.7296726 6.962586509 15.08696811 6.942108306 12.26680423 13.10864269 12.8171083 9.650041418 7.021513499 7.215356454 7.229093391 7.319919263 9.157196544 6.992791605 7.061603175 8.376265354 6.95952808 5.855100486 9.34228156
"X169" 10.93203931 7.295015371 12.58575892 11.04848679 14.82309158 9.292894048 11.73020766 9.071680937 7.343829506 13.07077672 7.010785192 15.37356934 7.075108144 12.89451376 13.24000125 13.23226119 9.854943172 7.039121588 7.132731508 7.081395011 7.367758355 9.496316082 7.002428602 7.100162756 7.800893987 6.983544566 6.379993467 9.331077659
"X171" 11.29799665 7.193940614 12.5169817 11.00611258 15.51192229 10.2974161 11.57801955 9.141666143 8.030497618 12.6345792 6.808394803 15.24948758 7.131491494 11.99325464 12.82759779 12.5518019 9.009977584 7.018279716 7.288241704 7.331686373 7.196338289 9.017445467 6.934906013 7.087271979 7.800953404 7.117652817 6.33859468 9.874659798
"X172" 11.6669861 7.355367251 11.99841618 11.22586367 14.4665744 9.670744989 11.73503975 9.236092152 7.133135244 13.07620656 6.910458707 15.30000897 7.00026376 12.85305407 13.24472762 13.07467718 9.947121244 7.025081399 7.333896261 7.567390893 7.289070934 9.769844276 7.126169544 7.054408145 7.941976812 6.995980401 6.115170537 8.827436041
"X173" 11.44888622 7.371353789 12.41766031 10.86446127 15.02016028 9.878287974 11.53072362 7.866866028 7.344794825 13.26041404 6.949523584 15.13599074 6.965668085 13.17677135 13.11792197 13.1937115 8.931286676 7.036603002 7.463441953 7.200131584 7.344340974 8.515267043 7.024486195 7.072871628 8.114841608 6.956607603 6.248109981 9.897822392
"X174" 10.8412984 7.512560748 12.73634241 11.26460063 14.57893837 9.146505027 11.74440327 8.197761939 7.486883175 12.45877216 6.778194397 15.4019225 7.234119514 12.62353562 13.31871435 13.03839392 9.759652169 7.00162137 7.085135174 7.81697952 7.292528877 9.569360927 6.987747636 7.065947827 8.152336261 6.974047826 6.413658076 9.047855443
"X175" 10.41671679 7.48417053 12.54537335 11.01619096 14.50254028 9.31186728 11.55934644 8.300774903 7.396248729 12.76720646 6.786889521 15.23508408 7.019051541 12.29859692 13.09043216 13.22847338 9.317449727 7.116065924 7.241228862 7.372054083 7.100845101 9.542884572 6.992816518 7.091616493 8.206717679 6.924590057 6.162363776 9.285794652
"X176" 10.79267087 7.450789041 12.64939367 11.18213543 14.28965931 9.962052622 11.59852654 9.633465572 7.537517513 12.98300302 6.873267891 15.47254837 7.206143512 13.03448114 13.05523517 13.23707895 9.3170977 6.982586192 7.447754866 7.686449675 7.041198772 9.611120678 7.007680744 6.990987838 8.105541545 6.985057529 6.510339613 8.58908592
"X177" 11.72131971 7.22341501 12.36143375 10.89128607 14.83296856 8.97841216 11.51119843 8.83568657 7.12467491 13.53083563 6.914042065 15.11242842 7.018656727 13.47745472 13.08372769 13.34930753 9.447994852 7.04521778 7.215297232 7.402451668 7.145228167 9.864648485 7.096496518 7.072613424 7.729224837 7.012174866 6.073793491 9.189514631
"X178" 11.08011319 7.252259353 12.49302556 11.29787436 15.54963894 9.582992848 11.68800958 7.775740403 7.178379994 13.5144789 6.868963484 15.2944517 7.017391514 13.305285 13.34365907 13.45702304 9.540301482 7.056515591 7.399609693 7.219475221 7.233399037 10.03139232 7.021083267 7.056649766 7.664758456 6.957920285 6.167878261 12.06461421
"X179" 11.5572694 7.305219597 12.38227219 10.94025356 15.52280518 9.582756196 11.889435 7.990014182 7.319690919 13.48924279 6.971616193 15.27203963 6.995633699 13.44102469 13.23535833 13.28163803 9.492791237 7.037094719 7.32211187 7.586412363 7.161663505 9.043276826 7.015328948 7.096393073 7.74488524 7.032736738 6.352413599 9.596282452
"X180" 10.93461017 7.09563141 12.21163285 10.97612479 14.03186121 9.433785767 11.50093161 8.038071353 7.348167566 13.00306697 6.897437126 15.20787086 7.061315978 12.56247289 13.26937959 13.05669632 9.229215695 7.006558553 7.195542565 7.251996941 7.032640553 8.972452957 7.203268727 7.056332926 7.491716976 7.199694665 6.642929452 8.789804942
"X181" 10.71862122 7.379580558 12.55934579 10.94504043 14.85094164 9.636145424 11.4398843 8.784270927 7.400930755 13.24138266 7.020251938 15.17487571 7.037331482 13.42980707 13.25423224 13.14282372 10.09738272 6.961571311 7.172548673 7.694042131 7.254474448 9.114327507 7.041088552 7.11811511 7.791650289 7.02333016 6.537787532 9.080793754
"X182" 11.52826137 7.220451889 12.71913851 11.21469507 15.00213055 10.12335715 11.85619335 8.884128722 7.146967859 13.18122613 6.789020517 15.39393148 7.027348957 12.48675191 13.46857091 13.16074646 9.165291863 7.019441276 7.173069062 7.489061008 7.201279176 9.926702146 7.01193681 7.047330745 7.82504645 6.997450267 6.340496017 9.781314674
"X183" 10.99734836 7.280916446 12.57283508 10.98556756 15.05423013 9.21752005 11.63180017 9.38113543 7.073394949 13.3412387 6.88163606 15.14234074 7.075186249 13.36942252 13.36036632 13.17460141 9.876478876 7.039388199 7.135140435 7.247929242 7.135927453 9.356615428 7.083022475 7.135755894 7.776983066 7.05450866 6.164911627 8.870874094
"X184" 11.33155561 7.302230158 12.49154791 11.15831408 15.68246675 9.563265142 11.60691087 8.69911727 7.198017772 13.62424139 6.82689614 15.29873515 7.066209184 14.02373132 13.41993012 13.52947882 9.719626885 7.023806856 7.348245029 7.206467007 7.045307857 9.160075917 7.01377827 7.053617624 7.664866893 7.015105692 6.016347964 10.8408539
"X185" 11.60945691 7.265372109 12.50494422 11.07788395 14.51764099 9.730985218 11.54522652 9.468545749 6.959168448 12.45968678 6.936107583 15.19788239 7.019502789 13.02173056 13.04632031 12.84125247 9.24635701 6.999792051 7.631541805 7.24486023 7.050798715 9.209022623 7.131907435 7.045582188 7.701641502 7.023233792 6.293446551 8.710384907
"X186" 10.75456763 7.160805546 12.78406876 11.04544534 15.4886374 10.21006787 11.59445112 8.466967617 7.802652822 13.28197956 6.97140399 15.20919721 6.984685703 13.64688848 13.26099861 13.18286014 9.767219795 6.969685588 7.54969086 7.617369417 7.234947958 10.06569825 6.98226076 7.049680553 7.647890396 6.979615931 6.17299714 9.719298296
"X187" 11.25573167 7.32500904 12.36596546 11.23108052 15.55531892 10.06325027 11.65743205 8.572288161 8.182853171 13.62419517 6.959863211 15.23763679 7.12909595 13.51388608 13.32099969 13.02583591 9.825375291 7.048318712 7.360367307 7.487517491 7.181285445 10.42279253 7.001801121 6.984957217 8.039611013 6.978466845 6.522207989 10.02479311
"X189" 11.39724863 7.10683529 12.60008239 11.20162772 13.54511315 9.431093664 11.87191004 8.267791911 7.262007695 12.39187349 7.027663365 15.39723844 7.087367447 12.70773609 13.56061813 13.47613967 9.64303934 7.26571878 7.100922887 7.589301725 7.079331011 9.271916927 7.212236662 7.020064729 7.710565306 6.988682591 6.481920893 8.533580159
"X190" 10.55006149 7.133129878 12.6939937 11.33024121 15.14542843 9.852080807 11.77552127 8.286392666 7.633667359 13.07617959 6.865250317 15.39633115 7.026758695 12.5744668 13.41743304 12.69268992 9.376634341 6.971623701 7.090922916 7.558673095 7.172407168 9.650101377 6.957149381 7.154542921 8.058425591 6.980169961 6.304177137 8.874767474
"X191" 11.349045 7.258722703 12.51532521 11.12866036 15.67335317 9.732686198 11.60512073 9.669494508 7.503883697 13.41615622 6.898278385 15.42994328 7.360713973 13.868824 13.31343963 12.74714172 9.822244257 7.003568835 7.144195382 7.596189835 7.301245273 8.22431006 7.018549137 6.974352101 7.801653767 6.986461992 6.036718816 11.24925942
"X193" 11.45968453 7.140729802 12.63733868 11.25899166 14.54729325 9.762179401 11.53785872 8.20527142 7.654214684 12.67526968 6.823728882 15.28546234 7.031136114 13.06335688 13.26729084 13.22671599 9.34392526 6.976077677 7.123251951 7.239242362 7.293865923 9.401435221 7.187352181 7.08617855 7.495456839 7.026389784 6.353327776 8.78637912
"X195" 10.24597768 7.383832285 12.72856389 11.17214614 14.904463 10.29024995 11.6220304 8.7629468 7.35896875 12.97696441 6.966786631 15.29904515 7.058806813 13.04601486 12.92775741 13.00575936 8.917956506 7.030036122 7.459576582 7.463446487 7.243802473 9.644681075 7.022515828 7.016860815 8.032636094 7.23729855 6.713549302 9.409446787
"X196" 10.57279799 7.377496723 12.24129341 11.16084417 14.74296636 8.171031832 11.66226539 9.560187153 7.128083003 13.21831658 6.847572462 15.32498482 7.055934492 12.74810314 13.31752027 13.42053249 9.123697771 7.033341213 7.158980006 7.201506628 7.505852755 8.950752992 7.00030238 7.05906847 7.507483672 7.051570969 6.163126231 9.047951461
"X197" 10.9315803 7.3132436 12.29292796 11.05558206 15.59065397 9.49264252 11.53634877 8.883171328 7.717617244 13.06472406 6.845713927 15.19439799 7.024090717 13.14304626 13.22696552 13.18742317 9.668758213 7.038728057 7.096512551 7.197308349 7.490717664 9.745665191 6.926060437 7.044254011 8.080549643 6.962671283 5.8161079 9.411364171
"X198" 11.65715829 7.252978524 12.59485725 11.16008546 14.36248673 9.406511479 11.70074503 9.095722918 7.185573732 12.9579875 6.857812237 15.21601634 7.238150727 13.0154267 13.19332804 13.18085801 9.414228794 6.987220767 7.24370814 7.495856981 7.219047141 9.488239976 7.000754532 7.029394476 7.809259458 6.979629841 6.017671578 8.490537793
"X200" 11.15825725 7.26688199 12.51494568 10.98050535 15.56945299 9.819582192 11.56774059 10.15310842 7.179348085 13.75839758 6.898296316 15.22342417 7.089628953 13.14287081 13.32093493 13.2200556 9.405401364 7.013813412 7.318086751 7.092333813 7.211223646 8.9409809 7.169149992 6.951286165 7.926523769 6.989046266 5.894837908 10.17930992
"X201" 11.3874343 7.292209403 12.29739409 11.05665201 13.53217107 8.817941918 11.56110637 8.794107752 7.537919354 12.35443702 6.932018902 15.19558747 7.044564494 12.73044928 13.15857077 13.22007754 9.693721663 7.018221792 7.311278139 7.325044855 7.14574151 9.297157568 7.04110924 7.068693285 8.136962799 6.997586578 6.108821055 8.794862107
"X203" 11.50609085 7.10055196 12.34819727 10.93569495 14.97106254 9.383501469 11.50077354 8.853738644 7.624997736 12.90028152 7.007273631 15.21813268 7.054903333 13.02995922 13.11062665 13.17471392 9.523935121 7.018161088 7.169619194 7.600111792 7.41885466 9.141144514 7.216201115 6.9647002 7.857083409 6.986631184 6.452261729 8.639022556
"X204" 11.48328841 7.226420405 12.66212979 11.12794834 14.7469892 9.547958874 11.6384662 9.312289413 7.182395046 13.25810245 6.816334541 15.2939553 7.038979689 13.4377378 13.27339242 13.19071308 9.545844442 6.983548011 7.153672855 7.580220451 7.295689685 9.142575084 6.993756072 7.024991328 7.801279416 6.972868674 6.435756416 8.480561048
"X205" 11.5207669 7.425839775 12.29252328 10.97522091 15.67073023 10.05008382 11.54877772 8.980563253 7.398348473 13.71044716 6.783109555 15.1047549 7.102434295 13.29552614 13.06814271 13.10695495 9.513120759 7.080729314 7.289498354 7.403963499 7.254421711 9.862851793 7.073587985 7.01585035 8.046586505 7.09323588 6.212995489 10.44216812
"X206" 11.63575195 7.260492936 12.50327632 10.95458558 15.24066846 8.827274024 11.59901819 8.738141289 6.929044027 13.37492406 6.746350477 15.28028882 6.960342307 13.46349933 13.44250377 13.5984136 9.020073885 7.062782379 7.115337721 7.464366066 7.307045704 9.459220806 7.062068684 7.046117625 7.646215495 7.019891613 6.237530701 9.084634461
"X207" 10.22321172 7.064148561 12.91548028 11.28393738 14.75491693 9.055195974 11.7408975 8.318514296 7.316993962 12.8886609 6.922178043 15.45640891 6.980386513 13.33495356 13.31259519 13.23513043 9.323717925 6.953544822 7.076582331 7.152979576 7.496343098 9.749569343 7.187101428 6.970403782 7.709147478 6.89736574 6.114165566 8.601739951
"X209" 11.3255628 7.398954491 11.84973633 11.04063259 14.79709493 9.042568998 11.70085859 9.321432711 7.284537596 13.44814338 6.831729576 15.18621844 7.084346483 13.25196837 13.14780955 12.79947925 9.55429998 7.035954251 7.177864902 7.272718403 7.157934971 9.059854436 7.003826422 7.001861523 7.838803924 6.898536199 5.920252031 10.01284291
"X212" 11.26621075 7.122847732 12.478596 11.04361987 14.37948902 9.508303687 11.44686096 9.866083866 7.054243334 13.13697413 6.897104721 15.15713512 7.067051267 12.91443279 13.23543041 12.92855136 9.87679701 6.95147026 7.517226245 7.226565444 7.298210249 9.675250906 7.331646322 6.933593388 7.754442405 7.067864959 5.995690739 10.27662264
"X213" 11.15079425 7.158206335 12.69192638 10.82347025 14.74991925 9.976627439 11.4617801 8.116030467 7.217441491 13.15298884 6.814468322 15.09709061 6.976833533 12.81309665 13.06050652 13.05709977 9.445769612 7.01328942 7.291829763 7.281480266 7.287038775 9.30145308 7.04235333 7.125212964 7.757174856 7.041838266 5.968009754 9.453250469
"X216" 11.06090072 7.458360624 12.32544658 11.106745 15.03389066 9.333303307 11.58883737 7.808066753 7.05777667 13.13431649 6.732944319 15.40603288 7.028887446 13.12746554 13.27294529 12.92366987 9.364530065 7.036315539 7.335525357 7.353856827 7.253413479 9.259365961 7.125511575 7.087452596 7.964019837 6.978439425 5.953414666 11.78814485
"X218" 11.57990321 7.284755812 12.12262873 11.3134808 15.13596801 8.259775145 11.82241589 8.467121489 7.138519384 13.34123588 6.928632624 15.3663726 7.039327706 13.52891416 13.48142722 13.2003386 9.492506552 6.979476032 7.182347953 7.33250809 7.231121376 10.02379264 7.108416876 7.079701299 7.764697596 7.042041322 5.689123282 9.378377002
"X219" 10.95225537 7.268685817 12.49312181 11.33247101 15.28694368 9.167158289 11.69778562 8.333186388 7.825970963 13.12524641 6.805066617 15.20124065 7.039467746 13.54085336 13.35757347 13.01318084 9.945801432 7.04216315 7.36059668 7.283684359 7.198382398 9.783486426 7.211171269 7.138644655 7.719552148 7.119119981 6.081100068 8.927497927
"X220" 11.54741995 7.217848971 12.30302247 11.10256095 14.72753907 8.762214274 11.5879815 8.57817176 6.9936802 13.38147879 6.884095163 15.05490966 7.058848314 13.1795196 13.21429296 12.97055076 9.47043498 6.981430839 7.211160451 7.31706035 7.364164294 9.213772962 7.140434339 7.095502906 7.763012769 7.054899062 5.996390243 9.437553549
"X221" 11.75119311 7.06940507 12.12596229 11.32518785 14.37948949 9.018306476 11.80457556 9.038229131 7.444031413 13.27820701 6.818293708 15.54256427 7.026516773 13.25749188 13.53089878 13.18684609 9.525688355 7.008837245 7.378154635 7.987827853 7.328104513 8.019928863 7.110427933 7.02760583 7.771097435 6.976929266 6.047222884 8.356136855
"X223" 11.45798546 7.338702743 12.56479301 11.04900807 15.52508194 9.86555031 11.56288014 9.747428816 7.350674842 13.47801755 6.869467999 15.21768442 7.120326953 13.59968163 13.21161466 12.89743389 9.956632468 6.937217764 7.425016876 7.565192277 7.21959634 9.851381146 6.97216577 7.036154113 8.222726695 7.101473184 6.117864712 9.702402822
"X225" 11.20440246 7.167380749 12.50955337 11.22761338 15.37591868 9.502144176 11.7040796 9.436492053 7.14231505 13.68826322 6.8587897 15.31893288 7.016303637 13.55894619 13.51151926 13.01178898 9.875442163 7.010859043 7.065820495 7.27027762 7.118507248 10.39305624 7.091572388 7.096872964 8.06763743 6.974699958 6.062940767 10.11547993
"X226" 11.69332648 7.182567454 12.46512695 11.14936513 14.63439079 8.836249266 11.86606853 8.035403428 7.082966566 13.1508706 6.91480058 15.40802349 7.129322442 13.10655099 13.50422822 13.13781886 9.741626954 7.029251243 7.209060127 7.501882304 7.354575561 9.858980105 7.066866624 7.109091817 7.983763992 6.987793324 5.905107311 9.250562391
"X228" 11.24509094 7.390764165 12.76377205 11.23719268 15.55613888 9.834846566 11.89041375 9.297331893 7.349124461 13.39750557 6.793090139 15.43435964 7.042107675 13.21354229 13.68212898 13.22855989 9.584774654 7.156690331 7.194483906 7.39672679 7.259663537 9.397473273 7.042426525 7.070248572 7.508797091 7.011246523 6.107328567 10.50380577
"X230" 10.93617605 7.052460537 12.76717535 10.49205609 15.05217455 9.215523035 11.82139341 8.260196711 7.015974566 13.32675386 6.794192058 15.51864881 7.018860394 13.59067655 13.55308209 13.60966839 9.280837718 7.017128966 7.162869438 7.51506949 7.647676074 10.07507373 6.998777675 7.093035867 8.043804176 6.980461395 6.166904873 9.225020193
"X231" 10.51172993 7.122489535 12.47110283 10.96497387 14.75240769 8.833353851 11.54608107 8.528253729 7.281425953 13.34920372 6.778609682 15.19356479 7.026946083 13.23886853 13.26885637 13.27071166 9.516876044 7.034634803 7.217967985 7.232569055 7.210318889 9.637527884 7.210294392 7.046814607 7.716445592 7.022186732 5.815673425 8.932850613
"X232" 11.86007675 7.342671888 12.11108196 11.07810501 15.22079476 8.579391627 11.56365607 9.117693967 7.191954102 13.65018071 6.850133611 15.25267412 7.085886083 12.97954849 13.43091035 13.45157982 9.155382222 7.023786425 7.191499164 7.274978003 7.1164314 9.467932279 7.004551896 7.049100128 7.813454651 6.958970906 5.906795782 9.44916776
"X233" 11.61424874 7.444057919 11.73640549 10.93704408 15.52238543 9.390895372 11.59765591 9.352212829 7.708265644 13.57914236 6.914346002 15.16260009 7.095353454 13.6801082 13.21229897 13.25005512 9.771540437 7.030530061 7.424205593 7.065020141 7.222220171 8.858352635 7.017689639 7.081171565 7.6219218 7.066392714 6.332980703 10.22247788
"X234" 10.99287936 7.09861078 12.68321795 10.87677802 14.75375838 9.377868598 11.65344298 8.651493489 6.910197817 13.23295768 6.951142392 15.2367948 7.044300703 12.90476741 13.43459783 13.41281563 9.642151688 7.034597832 7.276582475 7.358277436 7.294318437 9.057520444 7.04432186 7.109663556 7.995429864 7.006086476 6.064684397 9.493618745
"X235" 11.31781285 7.177229601 12.33594582 11.03673116 15.30684208 9.431546459 11.64885225 9.1785025 7.129004988 13.61916099 6.872439489 15.29447532 7.017832095 13.16589002 13.34931914 12.90173298 9.59216891 7.01183533 7.100437907 7.50652177 7.296685303 9.754286652 7.085113785 7.104863786 7.927937431 7.009197611 6.126445029 9.510496901
"X236" 11.31754744 7.118915094 12.18568456 10.89569508 14.55490423 9.531709231 11.42831311 8.136301886 7.115131763 13.51697697 6.915377329 15.20340697 7.056752963 12.92953747 13.02966291 13.1693936 9.436495148 7.110709586 7.291931144 7.407456475 7.08433117 9.047359524 7.051115308 7.038065739 7.976216419 7.009172996 6.385627804 8.958361385
"X237" 11.06929486 7.282056886 12.51663173 11.17872533 15.58494234 9.778659145 11.60942655 9.198509919 7.532532453 13.85893147 6.814038934 15.2660173 7.069139659 13.82024619 13.35504351 13.25996717 9.707489557 6.987089815 7.18163644 7.405570241 7.275441129 9.916591963 7.024155944 7.051888941 7.953904848 6.9929675 6.011146566 9.900557165
"X238" 11.01565753 7.394848301 12.34192239 11.10855041 15.25280174 10.21750782 11.64153894 8.24861722 7.213178433 13.11417662 6.887097906 15.17502721 7.070751328 12.7205817 13.11860674 12.88143147 9.460409375 7.040525365 7.287160659 7.444108118 7.367029332 9.783510101 6.948221165 7.134407131 7.763017034 7.052629353 7.008495324 9.677215312
"X241" 10.60112402 7.173802356 12.67901126 11.00524897 15.04172262 8.993620312 11.44510357 8.793576477 7.298349733 13.44787707 6.921670573 15.26134098 6.965542813 13.50940884 13.30109268 13.22129513 9.520718388 6.982925286 7.216374846 7.548808629 7.259590849 9.430686569 7.307292298 7.103119506 7.823215885 7.046946428 5.664117444 9.077010308
"X243" 11.94137176 7.177620412 12.27786827 10.8766443 15.18205024 9.947431462 11.45451004 9.744297169 7.235511822 13.54508851 6.843881797 15.18275449 7.008869927 13.84734934 13.09275942 13.2520767 9.093838616 7.049715037 7.294690712 7.687271841 7.164602861 9.262073873 7.099879774 7.147754607 7.666787645 6.92721753 5.820861408 9.616320494
"X245" 11.10597807 7.430347489 12.55669251 10.89789443 14.26503354 9.692884224 11.47875139 8.605118321 7.128944998 12.93872265 6.842974136 15.1691955 7.10052084 11.704776 13.28889516 13.15617175 9.535180031 7.03605042 7.405030896 7.505729659 7.171213673 8.947408137 7.043438841 6.952874385 7.680914818 7.219457335 6.110015267 9.191384613
"X246" 11.5135939 7.274269471 12.35954658 10.9894538 15.50772158 9.865822015 11.6794478 9.633537516 7.052883773 13.43868033 6.834793188 15.28123301 6.99472289 14.12404435 13.3032801 13.22274935 9.665475509 7.037736934 7.275161963 7.172287107 7.307877806 10.30651748 7.136383601 7.115163902 8.131569144 7.040864147 6.055219023 9.402686988
"X247" 11.54475116 7.464382291 12.47731671 11.1069934 15.54427128 9.359640822 11.43845619 9.035683502 7.464771343 13.67102936 6.842673157 15.1750212 7.081921246 13.56303987 13.39449597 13.24313312 10.18538466 7.023936884 7.453694661 7.13809078 7.177577256 9.735051564 7.037910891 7.083106416 7.786123794 7.005012188 5.837621232 10.00215381
"X248" 10.72185589 7.13618679 12.13222684 11.19766767 14.67017053 9.847648226 11.51909487 8.875174271 7.907196859 13.18685993 6.893990495 15.18915826 7.101525282 11.94697848 13.03297988 12.95119953 9.532036692 7.080346899 7.342284233 7.331472387 7.265965395 9.538937136 6.965493489 7.119063146 7.767618612 7.009953197 6.295479111 8.869670814
"X249" 10.9127838 7.476763712 12.34121106 10.99946916 14.92253253 9.684433106 11.56546486 8.032936319 7.399867953 13.14705889 6.911212098 15.16546798 7.014562537 12.45395603 13.12712461 13.19288835 9.73762414 7.053508066 7.355105079 7.477870606 7.181926385 9.198420026 7.124277014 7.069728789 7.839367436 7.123229552 5.913867958 9.64167188
"X250" 11.67000335 7.099482962 12.57531015 11.3351148 15.09854401 9.393282618 11.79834078 8.69198516 6.935051348 13.24263027 6.912966972 15.35594829 7.102006659 13.3723761 13.49528179 13.37193053 9.940814049 7.053501088 7.196622298 7.151491885 7.059075606 9.914422133 7.154076337 6.952101003 7.925601809 6.991669533 5.871020736 8.967280741
"X252" 11.25695588 7.578401792 11.75927042 11.13888562 14.84977744 9.425229776 11.62946246 7.765576817 7.530824036 13.57565533 6.885923221 15.30300443 7.080767675 12.6738581 12.91725198 13.14638272 9.641139111 7.091401196 7.091279289 7.309358674 7.225713342 9.14278259 7.008489375 7.085513937 8.027662087 6.937824024 6.183336939 9.644225939
"X254" 11.15054287 7.337221797 12.56530503 11.27662912 14.52345041 9.476135247 11.75311112 9.52079508 7.173305939 13.22170179 6.9479704 15.35273176 7.055178971 12.57949817 13.32376938 13.43725562 9.041873211 7.04616109 7.361475461 7.547782465 7.539992059 8.399751589 7.13566507 7.083304872 7.795578111 7.088781527 6.443972972 8.214455569
"X258" 11.7769323 7.075772709 12.37752729 10.80712708 13.97778879 8.809354357 11.49548867 9.949278056 6.913734911 12.9722367 6.951436232 15.16516221 7.019929177 12.4523511 13.23534488 13.46879331 9.684883212 7.090536706 7.230100974 7.557864718 7.101506891 8.523596867 7.180803274 7.106128812 7.521237501 7.167867351 6.177330124 10.12645854
"X260" 11.60678536 7.138122001 12.49004201 11.08716145 14.54753403 9.07546353 11.4461207 8.631319874 7.241201537 13.29573619 6.877793264 15.19998801 7.002070315 13.34629874 13.21552588 13.31267598 9.338319678 7.008285724 7.297178014 7.367456054 7.182752134 9.577524544 6.999289075 7.07652835 7.528122549 7.088317021 5.841179817 8.520318947
"X262" 11.23672503 7.189237499 12.3807756 11.29535734 15.05264583 9.698607378 11.76881877 8.74280081 7.588435836 13.06808012 6.916874366 15.46728124 7.027217397 13.41591179 13.37154352 13.45356321 9.291223691 7.227250126 7.124446653 7.176111396 7.520727801 8.210673833 7.206343906 7.113740536 7.889980716 6.992616886 6.103491879 9.276387695
"X263" 10.89562439 7.067051745 12.79681524 11.29818131 14.68503712 9.132880267 11.46795594 8.340137246 7.195604492 13.2496104 6.883496234 15.20807232 7.167150246 13.32050179 13.32604688 13.33576755 9.581171976 7.012664106 7.147954059 7.644958759 7.187977757 9.035195714 7.413395264 7.037058411 7.930668387 6.958985331 5.923073678 8.505843329
"X264" 10.82833698 7.138137706 12.33943791 10.93375692 14.86997564 9.9374462 11.46646318 9.608368021 7.48657179 13.37384658 6.900572755 15.11679572 7.032423714 13.0928619 12.97187008 13.43024392 9.786252448 7.07064679 7.156447513 7.230166866 7.160080094 9.818804086 7.091738504 7.085432258 7.809049657 7.28448263 6.245919908 10.29240303
"X265" 11.42724575 7.117110453 12.65914595 11.52343302 15.08023814 10.02894845 11.86348193 9.764546212 7.08769692 13.36969526 6.843415251 15.37625592 7.225392317 13.64079076 13.32513781 13.22774447 9.659131825 7.068539119 7.143983358 7.413657766 7.192320013 9.588355757 7.128956805 7.037164559 7.925801836 6.942313422 5.918490589 8.554256308
"X266" 10.49162836 7.262703908 12.5032051 11.16588232 15.12594842 9.409271521 11.61746234 9.616407447 7.140315473 13.29071112 6.884690913 15.11915202 7.087420208 13.37757278 13.05772234 13.48885062 9.241094674 7.057829524 7.37516703 7.217683656 7.163223195 9.012284369 7.021865919 7.108505881 7.820475248 7.010662685 5.975938086 8.614668844
"X267" 11.40105441 7.247564032 12.45668855 11.09037552 14.68468446 9.471112556 11.65796158 9.213480881 7.368628812 13.35531577 6.888442238 15.3415478 7.048272765 13.46281137 13.40183892 13.47421966 8.833975524 7.0196804 7.091856184 7.432842202 7.113762706 7.854165393 7.133847591 7.082364787 7.897744506 6.994794248 6.569727199 8.591677117
"X269" 11.30733444 7.358614526 12.45919938 11.14514184 15.07278274 9.428549111 11.57690785 7.712655377 7.0425904 13.43317421 6.873554485 15.21328448 7.128887804 13.1507128 13.21647544 13.07591315 9.425804507 7.014020266 7.439665036 7.211823944 7.356351103 9.374991012 7.064851299 7.065796871 7.899353566 6.996767192 5.803813475 9.253811021
"X270" 11.66567003 7.254582062 12.22672541 11.19716368 14.71588449 9.849627101 11.70618487 9.740873902 7.283350274 13.41486166 6.888827815 15.24887631 7.237689692 13.54949584 13.34630714 13.40057769 9.999926927 6.990581972 7.195635141 7.378233651 7.143971292 9.627121205 7.048946317 7.038151317 7.948808534 7.042073619 6.282342168 9.324681732
"X271" 10.69187897 7.096042864 12.32644591 11.17664001 13.91816881 9.086420202 11.7071192 9.096934688 6.87727289 12.99062838 6.903542988 15.27324776 7.01381824 12.78014098 13.2486468 13.45075948 9.490524847 7.015936601 7.151353971 7.314414774 7.494146982 9.706691738 7.030468297 7.08480317 7.712322575 6.994635252 6.135403283 7.96709033
"X273" 10.76752463 7.216346942 12.66763826 11.11074587 14.00090511 9.932580767 11.61454967 9.027902397 7.314403724 12.74549006 6.756143314 15.28792009 6.987383737 11.56997762 13.17056198 13.0552265 8.917681916 7.096206017 7.35842185 7.433946131 7.402641818 9.388677945 7.066937248 7.081345206 7.799478018 7.061831269 5.925139154 7.920334981
"X276" 11.21861881 7.245141118 12.14162263 11.148692 13.93267457 8.979668333 11.85035625 8.030029439 7.044706637 13.2285883 6.906266808 15.35344945 7.046534561 12.34857813 13.23084458 13.06707067 8.786983494 7.017734177 7.261911897 7.45922896 7.240017324 9.394135408 7.063339522 7.057905863 7.774603143 7.024412389 6.437127913 7.884116115
"X278" 11.51827626 7.108153009 12.27345717 11.05677224 15.27068223 10.03046002 11.62971633 8.631000596 7.177262031 13.42909178 6.833050252 15.33807054 7.009509469 12.43078763 13.18090444 13.05851272 8.553721018 7.024288172 7.258555142 7.206347244 7.391812613 9.778512506 7.040153195 7.071336281 7.847532067 6.965682959 6.049397427 8.941816232
"X281" 11.45866006 7.289345538 12.40857239 11.03653323 13.45802267 10.00245612 11.53438675 8.704518597 7.110467312 12.90979694 6.892021417 15.12196475 7.033245917 11.70140957 13.04537297 13.28000973 8.441015224 7.025311894 7.268983918 7.846482686 7.042309098 9.242130033 7.078632886 7.053193493 7.827519649 6.998515201 5.828267307 7.83138506
"X282" 11.52848722 7.509225512 12.83105533 11.03960915 15.18706681 10.28716189 11.60741896 8.698053943 7.517569553 13.46674377 6.801048822 15.14910378 7.018887877 12.76361325 13.29033153 13.17787344 8.066852862 7.142001748 7.250466334 7.736896816 7.057184726 9.930066139 7.029210864 7.0860037 7.845200129 6.95896876 6.41967737 9.538691431
"X284" 10.24195858 7.110293019 12.23624919 10.99402554 13.97419392 10.01293366 11.60420155 9.064102545 7.41911917 13.01123824 6.868086197 15.1266504 7.210344078 11.59323829 13.05556556 12.98264175 8.474547261 7.048101126 7.130034765 7.579951796 7.314281333 9.509356522 6.998931436 7.056579624 7.963286257 6.967678223 6.309067043 8.175609049
"X285" 10.56657306 7.090683628 12.72301248 10.98351886 12.43953002 9.740010571 11.60403616 8.698359137 7.189642945 12.61357546 6.752049902 15.15009184 7.144693342 12.34139975 13.18454617 13.28424481 9.292082222 7.045481358 7.267429448 7.876914502 7.392832933 9.125436171 7.039300937 7.121081006 8.004249436 7.021153298 6.287696381 8.033007997
"X287" 11.34960105 7.132616708 12.51320743 11.05601326 13.57922116 9.234716643 11.5276073 9.002862999 6.969924358 12.73459329 6.913163838 15.20393057 7.001152038 12.36332318 13.32910658 13.18836956 9.206260611 7.036939108 7.095711248 7.333715675 7.161230982 9.261966208 7.149980154 7.013908785 8.02745316 7.020831729 5.981856557 9.34505088
"X288" 11.22356962 7.261596795 12.05202193 11.22036991 14.1826075 10.15869806 11.56293969 8.857930137 7.520757105 13.39496129 6.828365435 15.3369361 7.095784609 13.21542975 13.26707775 13.14656156 9.217228339 6.980113153 7.237374806 7.680493898 7.330100833 9.744743511 7.165715785 7.062430015 7.909288642 7.027202677 6.811895716 9.151461812
"X289" 10.86913027 7.337709663 11.91301574 10.63110319 13.26814207 9.574123477 11.07937908 8.39764183 7.8893129 11.85351945 6.765998188 15.40705052 7.238202736 11.1778954 12.30182254 13.09700603 9.195210219 7.003339481 7.226747343 7.05353022 7.040234694 8.188952516 7.038135073 7.031362368 7.872132716 6.963735671 5.97337689 8.570149477
"X290" 10.12161302 7.189692474 12.37555819 10.69286058 14.37491467 10.20031386 11.416701 8.020322153 8.126127334 11.92623694 6.902986895 15.54088685 7.033193557 11.78136895 11.95119365 12.61145434 8.65616281 7.066989672 7.285123372 7.524295633 7.234938686 8.722093309 7.050215664 7.117584891 8.436601675 6.990578688 6.33782434 9.93304485
"X293" 11.59187897 7.528873413 11.36961517 10.52062841 15.59607236 9.970958304 11.29495802 8.139743345 7.538644907 12.91604081 6.926306205 15.28192155 7.073570568 12.68002825 12.72490129 12.898109 8.937376998 7.088977598 7.191878351 7.162831649 7.115435763 8.416118776 7.06749387 7.086952262 7.467426777 7.135947426 6.313587789 10.69877815
"X294" 9.882062019 7.257775197 12.02503143 10.745755 14.89682436 9.937201314 11.16907195 8.714066839 7.493900651 12.24397085 6.89581566 15.26867282 7.125353979 12.13183156 12.29483252 12.96538158 8.738678303 6.996932532 7.199240998 7.428242609 7.201150327 8.418724512 7.150365203 7.041698222 7.524354112 7.014253638 6.234986269 10.96782221
"X295" 11.1009602 7.286323617 12.61268539 10.65081067 15.21520777 10.09932891 11.18123152 7.861324614 7.288501542 12.5863828 6.872272972 15.35687425 7.159192037 12.84148355 12.82408564 13.10933905 9.092957939 6.963182273 7.111578222 7.30581244 7.115304505 8.672521404 7.211689824 7.053193368 7.531349599 7.017875744 6.395682966 10.2818491
"X296" 11.22493411 7.196842622 11.6908331 10.60150729 15.47645504 9.84957223 11.13766401 8.666850137 7.428371511 12.89031124 6.915615031 15.28759763 7.061706601 12.37663574 12.76340294 13.00900733 9.193830667 7.020883308 7.342614765 7.245350143 7.233378393 9.04300197 7.047373145 7.014625202 7.780757615 7.00547071 5.992401109 10.39378346
"X297" 10.82078199 7.423541958 12.35391924 10.70847937 15.77386743 10.18331797 11.46124206 8.122093188 7.51475577 12.910392 6.94105149 15.45718909 7.009108634 12.46463553 12.46819668 13.20269914 8.95721092 6.979640087 7.232592677 7.256402324 7.320622451 8.195914369 7.171722847 7.160844223 7.628983094 6.976528207 6.462497868 11.60963148
"X298" 11.92200579 7.52150454 11.85745608 10.80847738 15.55524202 9.822917882 11.50784039 8.222848481 8.330820064 13.30782153 6.808659668 15.63694481 6.983557306 11.24624521 12.88069206 13.05749998 8.667916005 7.190580441 7.115625346 7.417120805 7.213893965 9.241366166 7.071822836 6.990334874 7.57921964 7.001080128 6.382335202 9.961926656
"X299" 11.59421314 7.173319696 12.25234801 10.53062713 16.06821182 10.14975207 11.48497835 8.91193618 7.611765193 13.63867046 6.839703464 15.52917603 7.032070616 12.30247411 12.95055939 12.99887039 8.938744596 7.034076789 7.128759025 7.349174492 7.546363088 7.400969343 7.06106981 7.26366142 8.071036221 6.920787317 6.601794158 11.90580293
"X302" 11.40585381 7.166728162 11.88366301 10.56643069 15.12335212 9.595313289 11.21756262 8.632546426 7.411381225 13.23584266 6.807427089 15.36819763 7.023676354 12.59182333 13.14027605 13.0152007 9.133603919 7.020844058 7.14316316 7.494391079 7.212807741 8.944649277 7.060811087 7.017991144 7.49021088 6.968889076 5.956967442 8.747400194
"X306" 11.02839079 7.198880389 12.2440017 10.62884196 14.6645176 8.420570368 11.38816104 9.461064683 6.852465725 13.50766565 6.886872652 15.62008388 7.032577813 12.51119134 13.18271527 13.0981436 8.839748834 7.043743186 7.119252206 7.39354044 7.049857033 9.221004845 7.154120878 7.087421491 8.36497072 6.967439465 5.643652911 9.12067577
"X307" 11.44867401 7.330295317 11.6508694 10.61735671 14.9587595 8.744445077 11.3427577 8.58849812 7.07908755 13.64454806 6.910079267 15.48191468 7.081269225 12.90504773 12.99407436 13.35561776 8.885794395 6.974203287 7.125915462 7.387004809 7.257758942 8.803845985 7.024765265 7.025515507 7.650808188 7.033729611 6.218658845 9.574644862
"X308" 11.05647554 7.148368697 12.31926335 10.58267434 15.79096022 9.709140459 11.33230782 8.692441159 7.222083451 13.16275533 6.970966102 15.43446791 7.098081048 12.69274163 13.04298018 13.26057449 9.189116045 7.063705373 7.163625617 7.26343038 7.392999234 9.119174914 7.066233102 7.068755306 7.590536534 6.976344409 5.972044033 9.777238691
"X309" 10.98179269 7.287801405 12.51343678 10.71065243 15.2430405 9.737086654 11.40845291 9.227765556 7.115096827 13.33783779 6.829273392 15.52657037 7.03297709 13.06296974 13.14513156 13.10883282 9.217180836 7.140013389 7.228675916 7.310520782 7.103276476 9.267245985 6.99160065 7.11235928 7.619489015 6.972969345 6.343076574 9.801572637
"X310" 11.38031337 7.130912196 12.6774934 10.62577533 14.75837296 9.335482624 11.38620052 8.724419933 7.196747753 13.38606446 6.886244296 15.52562079 7.034976793 12.45946213 13.08893648 13.39834539 9.14521092 7.009063322 7.147796366 7.294256858 7.154082119 9.421867425 7.027480478 7.057633541 7.709544948 6.922780747 6.265793988 9.286146707
"X311" 11.12595464 7.15859246 12.51299908 10.55972439 14.69416477 9.27538591 11.42903491 8.557438138 7.056952554 13.64395308 6.903033838 15.52485064 7.051204751 12.72826078 13.17837528 13.28514286 8.993225852 6.992204996 7.193859363 7.418954029 7.14208551 9.638959525 7.010061578 7.255786952 8.01861733 6.964607809 6.157040048 9.119201403
"X312" 11.22389917 7.277923589 12.25690177 10.44920687 14.23681456 9.242546991 11.18693386 7.874796645 7.272986969 13.14526461 6.95393425 15.37306181 7.090945897 12.46313353 13.03778477 13.18774044 9.426456914 7.035898091 7.127611844 7.408220557 7.392771698 9.208068796 7.074630018 7.069108611 7.534460336 6.969080848 6.514886136 8.495102216
"X313" 10.43911327 7.369063932 12.16422548 10.72718335 14.74811826 9.639661286 11.36361487 8.386954478 7.300639991 13.14976259 6.877046772 15.47692341 6.97612821 11.91172138 12.94271536 13.24312387 9.35118412 7.080522773 7.296616101 7.344182182 7.409250094 9.132176617 7.019227114 7.048983343 7.583286674 7.079262614 5.856405666 8.791622733
"X314" 11.93962715 7.140045813 12.44635703 10.50868801 15.2639782 9.770722813 11.35207296 8.543257253 7.508321672 13.65620326 6.835700973 15.47780859 7.080704148 12.72132119 13.09519016 13.42803252 9.468616285 7.015948993 7.217717455 7.596355413 7.133693371 9.250424624 7.026198767 7.183064513 7.683966983 7.039385683 6.631477355 9.76512142
"X321" 11.47660008 7.188888929 12.10293291 10.62359165 14.66700175 9.747512947 11.21534459 8.200191395 7.113184918 12.63582227 6.900374949 15.37175952 7.06371727 12.22309266 13.00204705 13.30052743 9.406934538 7.04776516 7.337795031 7.253859841 7.306214825 9.354598078 7.028326537 7.079928611 7.791283051 7.076760478 5.926064263 8.544730276
"X323" 11.57132545 7.200480656 12.30680757 10.72523669 15.04299768 9.040514114 11.42372032 8.824248998 7.390542408 13.31337622 6.871959249 15.45807086 7.020331796 11.83653786 13.15278051 13.28264152 9.245003192 6.899230661 7.150773816 7.200636822 7.222790863 9.487129894 7.092944912 7.013157631 7.455484591 7.06099292 6.262979884 8.927707754
"X324" 11.32062736 7.13687646 12.10735989 10.84596896 15.16907429 9.543324954 11.55628307 7.736381918 7.333569077 13.34402141 6.832521297 15.58401396 7.084247085 11.98575189 13.26256924 13.26569966 8.955788392 7.204176303 7.353838139 7.362840953 7.303727347 9.487827759 7.060216942 7.024054527 7.943188203 7.144608817 6.370067818 9.106541685
"X325" 11.82710325 7.403465781 11.64423865 10.71333035 15.11777761 8.286053317 11.4565879 8.665575765 7.553671945 13.89434815 6.817453061 15.5929198 7.113540914 12.83689973 13.26686768 13.2254354 8.993674399 7.056898572 7.115895255 7.55775168 7.431349151 9.759221059 7.076322358 7.059047339 7.730823765 6.984282377 6.183244694 8.363620003
"X326" 10.82623304 7.109365934 12.35156728 10.69536442 15.66453022 9.375594194 11.4376731 9.740393168 7.494082513 13.69185228 6.93285481 15.58132882 7.059931679 12.26268842 13.15912752 13.27182444 9.059413651 7.010946281 7.119531988 7.528466403 7.382928321 9.679729687 7.014813556 7.133770775 7.932963561 6.971220692 6.565139531 9.20725411
"X327" 11.14048702 7.093268831 11.89907439 10.62635702 15.14852039 8.968619987 11.23480466 8.689638023 6.839070916 13.36180213 6.921413399 15.47824336 7.159812849 12.5595388 13.09142221 13.11322049 9.191976013 6.99299184 7.124474512 7.351354383 7.444735923 9.601181493 7.052429779 7.034614528 7.600204746 7.023701659 5.97353248 8.479586904
"X328" 12.2286285 7.288361391 11.47954726 10.66696872 15.01965563 8.915908458 11.43834762 9.043659621 6.963127609 13.32362798 6.840442925 15.41157464 7.078164455 11.97672328 13.15440114 13.31528444 9.379435223 7.01966477 7.184321795 7.241896732 7.309879365 9.085911102 7.227309323 7.034166006 7.62834511 7.095275554 5.88303805 8.92406761
"X329" 11.27664552 7.149511135 12.21663323 10.85186548 15.22456903 9.667004274 11.40853234 9.557159182 7.420935568 13.15700464 6.947336507 15.45983072 7.046649223 12.66240647 13.1501788 13.08079147 9.020174203 7.000014628 7.152094062 7.479344416 7.244271611 9.45031275 7.001808712 7.143519038 7.606328401 6.998323352 5.970943887 8.571930224
"X330" 10.76367115 7.25050659 12.28118828 10.93965508 14.83093863 10.13006539 11.26513843 8.917474687 7.062234257 11.56044663 6.869083192 15.45378085 7.218293598 11.2803655 12.96352798 13.19412001 7.786536746 7.020950334 7.263851186 7.483359638 7.164888004 8.114691107 7.033026731 7.069517786 7.990334294 6.93722439 5.939611588 12.27345994
"X331" 11.66787574 7.246444688 11.90820026 10.6603824 15.11434157 9.92198836 11.27841282 8.313555532 7.451795151 13.27806904 6.863427643 15.40084788 7.019477674 12.50953729 13.02817632 12.57155817 8.759490142 7.050060531 7.298869991 7.420415604 7.194106504 9.301165552 7.1177456 7.044194219 7.544561489 7.050060214 6.299262404 8.882244141
"X332" 11.03355835 7.201605525 12.19769094 10.84830933 15.23204058 9.747963631 11.48264061 8.717855028 7.0226301 13.56706822 6.897708958 15.61573109 7.010459699 12.03028662 13.26389873 13.16134648 8.188466939 7.053061147 7.287430522 7.534082916 7.157941187 9.68029593 7.067236648 7.066923933 7.783588067 6.985437853 6.830024225 8.938876873
"X333" 12.14791186 7.090795661 12.47994229 10.93606304 14.85059297 10.01138022 11.50311549 7.998740769 7.077244228 13.39413748 6.961527138 15.67566632 7.039693843 12.32979795 13.38263132 13.19792502 8.815644179 7.018439009 7.189925917 8.012487248 7.088794011 8.946397647 7.078046244 7.062276626 7.398869583 6.947910356 6.124682893 8.597670213
"X334" 10.85811576 7.153786833 12.4844817 10.54509659 14.67299983 9.704620331 11.2439265 9.930915344 7.547213192 12.96770855 6.971095693 15.41697893 7.050365428 12.41313137 13.15233148 13.19450104 8.636743319 6.987142533 7.118035543 7.985242397 7.214341174 8.236267044 6.902661315 6.95349795 7.323999513 7.01697035 6.299305962 8.560400127
"X335" 10.94656344 7.179855781 11.81239827 10.69532825 15.25933284 10.1098939 11.43591128 8.04215596 7.251107226 12.89937988 6.855584357 15.26658653 7.096382321 12.57419223 12.98737044 12.65281751 8.280547757 7.131163374 7.417770667 7.485939402 7.102117974 8.649694318 7.076874103 7.035836592 7.692991297 6.985735444 6.571216628 9.240249052
"X336" 11.75901516 7.180702978 12.93559712 10.75656927 14.99106624 10.03288981 11.43520676 9.409479598 7.6190159 13.19531064 6.804081135 15.4815557 7.05903652 12.70915067 13.20880003 13.20010986 9.626599048 7.07022599 7.3288829 7.600949679 7.199493544 9.236205601 7.043595931 7.113049481 7.812685372 7.049589079 6.396300697 8.889313996
"X337" 11.54701961 7.301632233 12.62526667 10.71113993 15.34322913 9.900997121 11.35121128 8.793424061 7.364195691 13.09983896 6.828014366 15.42655551 7.062602837 12.52788403 13.06439987 13.06535348 9.194706252 6.980279938 7.255664395 7.336305175 7.184002501 9.250868362 7.105939094 7.066104023 7.903868299 6.994424403 6.02576279 9.381878735
"X338" 11.06391192 7.250529888 12.07392785 10.83459763 15.3886898 9.903140084 11.34662936 8.744496616 7.50488096 13.37998788 6.89931687 15.50961555 7.018899741 12.6668006 13.20842838 12.78802545 9.312138511 6.998935899 7.381894262 7.561029129 7.114304736 9.471566078 7.314297918 7.173318288 7.678364768 7.054372523 6.002976796 9.561083433
"X339" 11.05881302 7.219784251 12.26174607 10.7361951 14.49251196 10.14812953 11.37371693 8.589201455 7.213189169 12.88306141 6.977294072 15.42769855 7.073726386 12.68809509 13.22110795 12.76283163 9.226974469 6.95450087 7.231655482 7.844605787 7.357732009 9.120554451 7.115589024 7.016886297 7.7995485 7.042716567 6.687893864 8.750837548
"X340" 11.7192619 7.271036463 11.5904292 10.60459662 15.19766896 9.774883559 11.22315712 9.375496877 7.180799793 13.05822777 6.899751544 15.36007992 7.153023209 11.7446625 13.1534432 12.67618975 9.190666082 7.138952034 7.139634197 7.412100897 7.173737404 8.798292314 7.218251325 7.03981452 7.632153627 7.101634195 6.66592264 9.045669092
"X341" 11.76976472 7.13133698 13.00667209 10.71587394 14.89963489 10.17833347 11.47040269 9.057438143 7.429866312 13.13374185 7.025068734 15.69682485 7.05489151 12.06235109 13.29877422 12.8742158 8.96515587 7.08075702 7.345043861 7.989999405 7.296747872 9.734942333 6.916173869 7.07711479 7.997472852 6.969150542 6.208633909 9.513514216
"X342" 10.89141659 7.167530074 12.19110364 10.73578678 15.03636348 9.75857347 11.36373985 9.299719557 6.965880129 13.27205921 6.810690226 15.54764599 7.161690698 11.97830791 13.16542461 13.08414229 8.037169222 6.945573972 7.21376503 7.635052685 7.199698104 9.268688107 6.954643016 7.090222649 7.94561119 6.996428667 5.890297154 9.144027966
"X344" 10.69973887 7.215763141 12.50230414 10.76804422 15.37506547 10.1140662 11.39880904 9.562183219 7.307753472 12.69175235 6.951631839 15.48422541 7.029995785 12.18737797 13.13806297 13.03259818 8.750345346 6.980925787 7.213808262 7.527767853 7.421331363 9.358257365 7.097735978 7.007896632 7.951821444 6.982456284 7.221757189 9.259342056
"X345" 11.19249267 7.090241113 12.40373044 10.79518503 12.71829969 9.64072639 11.53929516 9.41121743 7.002741698 12.72751518 6.901740877 15.70257179 6.929587559 11.63607167 13.27639039 13.19909257 8.241130427 7.02199946 7.351235673 7.812251183 7.27066023 9.430532893 7.220722886 7.088029014 7.727709935 6.969698802 6.169987113 8.591458472
"X346" 11.73671166 7.08308046 12.52803657 11.09338987 15.63438876 9.844818131 11.64526213 9.124295006 7.247146244 13.4443266 6.800254406 15.77296362 7.106462667 12.27716777 13.46356464 13.01296546 8.758981567 7.000838531 7.348306187 7.52771217 7.313450883 9.000971324 7.008055906 7.050067744 7.760359467 6.955722771 6.293689455 9.755472536
"X347" 11.2942172 7.154543948 12.52770651 10.78101824 15.69862769 10.00261227 11.50058418 8.388390317 7.411531634 13.51237711 6.962486157 15.61061502 7.126109614 12.99744706 13.1652864 12.80266476 8.176214459 7.037845357 7.2414498 7.487735713 7.410408574 8.641546868 7.083680861 7.276281432 7.719348423 7.001020315 6.566318167 9.974632571
"X348" 11.67745084 7.137263982 12.56903078 10.6248827 15.14960348 9.948945181 11.29945243 9.674776387 7.084412509 12.53753257 6.883608607 15.32030289 7.131257999 12.50953706 13.09593458 12.58806209 8.667939643 7.055583617 7.46403916 7.391842921 7.298603627 9.059057028 7.365657135 7.054440429 7.477672562 6.9918162 6.293026713 8.773509311
"X349" 11.08272163 7.123466007 12.17898776 10.68922996 15.37495883 10.17455129 11.44863026 8.97060597 8.094555857 12.78732016 6.844812506 15.55918254 7.072760767 12.26684678 13.21909893 12.98997081 9.097700945 7.023060658 7.130663351 7.324918249 7.453616033 9.305991861 7.0365781 7.089783639 7.848763476 6.987308647 6.787350911 10.08974315
"X350" 12.03489667 7.354265255 12.12961474 10.82482575 15.23690968 9.913081985 11.42831508 9.173744891 6.916407636 13.29606193 6.945721056 15.59790041 6.994427603 12.93857336 13.26461812 12.91127055 8.399649992 7.089542468 7.306114778 7.524495791 7.363887535 8.952175974 7.00219234 7.074908849 7.577660936 6.987362087 6.164812471 9.526814583
"X351" 11.49542208 7.204050691 12.51583032 10.85140466 14.51826169 9.457165427 11.64477169 8.918522296 6.934150413 12.89669406 6.937301886 15.72317497 7.033542241 12.89623424 13.27304738 13.12269653 9.062644968 6.979557325 7.134347312 7.660503598 7.28532079 9.316724458 7.218296338 7.063591935 7.735987102 6.952006883 6.690353664 8.890113938
"X352" 11.74642425 7.179544425 12.41403527 10.55927542 15.18021547 9.79547349 11.19100286 8.926089257 7.696108053 12.98166898 6.874668273 15.35916701 6.996204593 12.26298342 13.05135851 13.16344094 9.005013566 7.020484347 7.168898133 7.461897137 7.04005595 8.291804403 7.033616064 7.016130827 7.942292482 6.965629117 6.752775632 9.01883098
"X353" 10.93511629 7.116795555 12.386857 11.0160588 14.74826027 10.05757707 11.61355978 8.743940221 7.279790887 12.42323692 6.830359073 15.71974624 7.066613246 11.52956956 13.28943103 13.07791119 8.728923001 7.033990668 7.259903094 7.72435169 7.14846564 9.386550578 6.918522709 7.079126364 8.018639329 7.012916078 7.241793526 9.16118558
"X354" 11.41771653 7.176966675 12.97996862 10.98887517 15.81745184 10.16299951 11.53418856 9.183286613 7.182639585 13.04822911 6.765046124 15.81214694 7.026455708 12.86786621 13.31336407 13.27090526 8.996519691 7.033904299 7.152970282 7.496904579 7.189145584 8.509843388 6.827097551 7.127791498 7.99199629 6.937984975 6.193706303 10.48430135
"X355" 11.47139538 7.205854074 12.76742324 10.86753665 15.16710375 9.895241836 11.50574368 8.532026884 6.989914393 13.45301468 6.898031168 15.57421627 7.069306392 13.36071516 13.29543761 12.47105337 8.986363324 6.949744987 7.217601898 7.732948558 7.416902388 7.9112334 7.03331747 7.067987471 7.932441486 6.962106815 6.978182631 9.209826829
"X357" 11.37002764 7.112068089 12.48792704 10.74389948 14.45063785 9.762082239 11.30756522 8.88043164 7.379528945 12.89574185 6.821095951 15.39263987 7.072123816 12.66890838 12.94701098 12.60533725 9.094927936 6.991517202 7.224951662 7.275118161 7.326615025 9.288982595 7.088007935 7.041984278 7.667635232 6.994589924 6.718205156 9.564441977
"X358" 11.4145305 7.252069562 11.79640587 10.82873604 14.73675501 10.01306018 11.4732026 9.284198115 7.943054659 13.11351134 6.860748568 15.63675731 7.071442323 12.29232451 13.20010194 12.50678148 8.99241653 7.020527918 7.211768463 7.416152417 7.36693378 8.992648365 7.124330073 6.995912123 7.93423601 6.999501599 7.351991103 9.30125703
"X359" 11.08397302 7.240821579 12.65643758 10.82492669 15.14891251 9.629426113 11.51509083 8.534197327 7.130393159 13.31324597 6.923654082 15.59890038 7.074514882 12.77354896 13.26994306 13.05454272 8.971927206 6.998910773 7.241060239 7.507795218 7.304407462 9.579156338 7.073561754 7.086889992 7.940356489 7.092776468 6.116123662 9.326612257
"X360" 11.43423533 7.112255595 12.29142912 10.79474343 15.3773848 9.849910308 11.53816762 8.850604111 7.268543694 13.43339657 6.953484401 15.54064825 7.081079854 12.8926029 13.30990698 12.86478953 9.020848129 7.047255882 7.198198087 7.39239675 7.290019288 9.759298031 7.008834011 7.083880603 7.627099361 6.999624803 6.648430859 9.828945226
"X361" 11.87459881 7.167996337 12.58613289 10.72685502 15.23920233 9.995209527 11.4263333 9.347492054 6.997373945 12.75233655 6.904759881 15.54233179 7.10296613 11.81080245 13.15588146 12.55882846 9.191810844 6.926850072 7.335539284 7.398137131 7.235384769 9.537119771 6.981703956 7.086305775 7.608415584 6.988296603 6.133441553 9.240732445
"X362" 10.36078719 7.25356801 11.64317557 10.85826925 14.85867483 9.083968238 11.5336165 7.579447786 7.593995063 13.25644949 6.847855883 15.60609192 7.103722931 12.66954221 13.16602795 12.46081048 7.778739867 7.044270072 7.239922113 7.471681201 7.121440837 9.352596402 7.11407977 7.016392542 7.603152751 7.104399936 6.435010125 9.179432596
"X363" 11.36770919 7.15404234 12.43227892 10.86505037 14.03867385 9.028193822 11.45816707 8.920429657 6.930940199 13.20421499 6.878856024 15.54545049 7.045993163 12.26349345 13.20036016 12.95321654 9.462823795 7.029594978 7.143802648 7.629704772 7.30744533 9.051934376 7.067651195 7.021252655 7.668172312 6.955428646 6.541948003 8.167549422
"X365" 10.55364887 7.214747483 12.23782342 10.69751583 14.8017478 9.904486155 11.39413147 8.659158622 7.249117288 12.32325091 6.97404501 15.42158707 7.001762823 12.56656375 13.01747562 12.47185754 8.754804071 7.329392924 7.52272032 7.514195718 7.078981663 9.238114441 7.056632423 6.988590282 7.639343461 7.062936624 7.19177803 9.933876934
"X366" 10.8620751 7.311045608 11.4530606 10.68423824 15.19596178 9.944007198 11.29036247 9.553610698 7.004712397 12.27941019 7.037748125 15.32665867 6.982678159 11.9173709 13.00668282 12.48654052 8.436061994 6.975522746 7.459861936 7.180764657 7.108751701 8.21071461 7.149996364 7.006475581 7.618081301 6.976522286 5.988968709 12.66949428
"X367" 11.49042514 7.352045964 12.11875935 10.82497546 14.95528283 9.428079134 11.49222122 7.690399384 7.370499623 13.2055618 6.935949554 15.48682454 7.048802811 12.85922635 13.22716843 12.87252885 8.924674348 7.01077869 7.375590833 7.391298317 7.571322082 9.817916582 7.061506103 7.054464215 7.808437772 7.001741008 6.53596108 8.962893344
"X368" 11.297809 7.5744193 12.08632641 10.60407863 15.31705956 9.610896904 11.2539231 8.933190572 7.063467496 13.48439802 6.808096284 15.47804049 7.061221113 12.63374668 13.08511806 12.82772593 8.835105225 7.057748883 7.154816771 7.308516876 7.463220371 9.702939742 7.07729225 7.065149335 7.893909392 6.985462724 6.465767971 9.452711472
"X369" 10.93158891 7.226069161 12.75061632 10.72632848 15.91493411 10.15652279 11.48851765 9.934399202 7.57011391 13.45072418 6.876027416 15.59986595 7.010785498 13.09480145 13.23192004 12.99412931 8.507688399 7.035795626 7.45042291 7.385123135 7.30101607 8.871228105 7.048014873 6.982151364 7.724340234 7.095275511 6.565343046 10.35106983
"X371" 11.00615757 7.124098217 12.56798537 10.93650654 15.02203482 9.828052861 11.50482894 9.553122302 7.913881311 12.99459684 6.974971639 15.62400029 7.02814404 11.95510051 13.25138056 12.74696195 8.906816835 7.021848512 7.491567263 7.472000485 7.138103432 8.847672382 7.024472112 7.016003817 7.51432501 6.959141354 6.828741567 8.777713936
"X372" 10.21693174 7.171600113 12.77653678 10.90533879 14.60273254 9.512988445 11.45127129 9.370852645 8.006033505 12.84891394 6.854122561 15.62307362 7.046739224 12.51362677 13.0909311 13.0004165 8.86890899 7.00407636 7.75618525 7.252421675 7.031633485 8.910681781 7.016887559 7.025695858 7.844062517 7.093425227 6.18854431 8.74720413
"X373" 11.19649361 7.170720438 12.09471641 10.78062669 15.17726777 9.817862132 11.30167133 8.040003559 7.47369089 13.0381611 6.911116049 15.33840938 7.128480214 12.02465006 13.05088296 13.02514613 9.161105022 7.013210752 7.304200767 7.320794246 7.130657644 9.139911157 7.070226414 6.874890555 7.718365157 6.976014999 6.299414678 9.700636456
"X374" 10.34802008 7.169135502 12.10371337 10.74430469 13.61674603 8.986957735 11.38900474 8.895645533 7.083895735 13.04075347 6.897309849 15.56533488 7.068411532 12.72363938 13.09124826 13.03454834 9.346564835 7.091236185 7.208465612 7.541328533 7.360085583 9.145795078 7.04754819 7.07819361 7.838544304 6.96790668 6.077630345 8.44231611
"X376" 10.22351268 7.257704106 12.15954612 10.45308249 14.23370821 9.263397594 11.12392577 8.444592609 7.168188902 13.12833885 6.87384068 15.25767515 7.085464998 12.62480081 12.937965 12.69106854 9.172872453 7.056205525 7.337121839 7.357994414 7.1472749 8.926415579 7.065209992 6.979643922 7.516820258 7.018767409 5.820573855 8.699777917
"X378" 10.32850361 7.302572888 12.51347195 10.79040986 12.67873753 9.116416189 11.38729171 8.126170977 7.230281175 12.87013744 7.007776109 15.51310191 7.119107434 13.19023254 13.20103049 13.0405801 9.000359108 7.104164239 7.193173156 7.63125 7.512374015 9.65369756 7.073788788 7.184531547 8.022182768 6.943718861 5.971798516 7.815786691
"X379" 10.94961006 7.449881154 11.89566018 10.66052006 14.79492525 9.081547582 11.30710984 8.921858088 7.235658718 13.52502632 6.820160449 15.28614234 7.051163911 13.05710984 13.11474641 12.57542938 8.913526368 7.002866917 7.347469735 7.278953235 7.224860261 9.00296931 7.025622381 7.120374605 7.630751682 7.180327365 6.435853199 8.607329357
"X380" 9.942397038 7.177752144 12.34085972 10.64046419 14.95462634 9.305898462 11.46319843 8.880093311 7.427746291 13.22268539 6.841638858 15.51224602 7.025823195 12.65620677 13.13312004 13.00244142 8.857107305 7.050881565 7.30367831 7.346725354 7.146016987 9.149365097 7.070540219 7.131248415 7.773109668 6.957167792 6.171400173 9.026422048
"X381" 11.10380424 7.089019017 12.73107407 10.80952363 14.69424269 9.889261069 11.44818263 9.630187876 7.127840428 12.98080475 6.946092351 15.61607223 7.064252676 12.53034499 13.17765873 12.7364909 8.621097104 7.036279077 7.216849411 7.59542733 7.417213912 8.672818119 7.047286254 7.060567197 7.791294901 7.041400436 6.173292232 8.442294077
"X382" 10.04874684 7.345541862 12.3018903 10.6930605 14.30588774 9.714683989 11.3714668 8.851268281 7.206859385 12.96662703 6.864386404 15.36556497 7.124987232 12.56774715 12.99218773 12.54632772 9.064213164 7.044006673 7.09999488 7.487065511 7.203402421 9.043392655 7.026658493 6.914537257 7.323373111 7.004114451 6.15647195 9.101592313
"X384" 11.40398236 7.138837953 11.8406979 10.65736986 15.13384802 9.091693853 11.25722091 7.822144241 7.086067255 13.3679897 6.892663741 15.36598272 7.054874236 13.33816948 12.98666758 13.00918266 8.869456672 7.039022253 7.331841247 7.201833639 7.160265289 9.640954158 7.165862111 7.064617994 7.554483444 7.010274437 5.916927973 8.61542574
"X385" 11.1782495 7.137515036 12.60835787 10.80244642 15.53135311 10.1564835 11.46190148 9.142568311 7.706014328 13.27138273 6.736225614 15.65554022 7.05854406 12.9701676 13.22681806 12.67465647 8.172229071 7.038233366 7.181413799 7.343398056 7.566008129 8.497681434 7.150388693 7.129220682 8.0246085 6.971863356 5.865370444 10.97765721
"X387" 11.23014685 7.301771372 12.47896021 10.63336405 14.47342178 9.616138585 11.50728362 8.7043404 7.070619829 13.14940648 6.93907582 15.56963094 7.042663363 12.61846399 13.20625411 13.12274177 8.877939272 7.003718486 7.17595085 7.487325378 7.018361717 9.121494721 7.063140971 7.090600054 7.646528607 6.998830906 5.968892548 8.838944773
"X390" 10.98627681 7.144330036 12.20549795 10.76904173 14.23899568 10.02192311 11.46394316 7.740997019 7.017654979 13.18062326 6.934051396 15.52408487 7.07710321 12.35268526 12.99249685 12.67910504 8.551645495 7.02927104 7.603707522 7.694253284 7.121660926 8.933108719 6.995603889 7.034591456 7.982418251 6.975319987 6.43721833 8.45712381
"X392" 10.30519621 7.361826323 11.6557799 10.73064122 11.92819675 9.693083504 11.206895 7.768246073 7.063581425 12.42983504 6.960888011 15.2912602 7.056088227 12.20904026 12.7538053 12.72318358 8.593949922 7.131093773 7.409193832 7.175373657 7.159440381 9.22359219 7.22202636 7.012460289 7.554605365 6.969641014 5.998032156 9.050527621
"X393" 10.08197153 7.175973431 12.28579914 10.59142176 12.03198531 9.276862738 11.15746823 8.772434635 6.89529037 11.34826002 6.853805017 15.30359497 7.076144024 11.66084567 12.93745536 12.75804816 7.694899266 7.058199958 7.224502782 7.588399193 7.192290849 8.924327451 7.060614089 7.000311411 7.923571206 6.895445715 5.963376673 7.767775253
"X394" 10.4097133 7.335231758 12.33486224 10.93661745 14.98634686 9.375005896 11.49850273 9.829760335 7.062650453 12.44093448 6.972293163 15.63539346 7.089069098 12.28514747 13.23613171 13.43802147 9.166106409 7.03038354 7.458198635 7.485979449 7.218173106 9.095120552 6.99166867 7.079171906 8.038550393 6.918267058 6.306359136 9.423180377
"X395" 11.20798967 7.195915767 11.97734721 10.60524455 14.76864269 9.415750512 11.24523645 8.317795908 7.25030438 12.74910607 6.927475739 15.34459645 7.025481417 12.15273671 13.01120363 12.70008657 8.771002854 6.998075593 7.170662155 7.653196904 7.122136251 8.695569038 7.331397027 7.065949744 7.946616784 7.135609449 6.446738711 8.727114419
"X396" 10.31806761 7.123446162 12.42484153 10.57416866 12.62731765 8.977835711 11.29588469 9.595127857 6.993061629 12.98971098 6.710271765 15.42097562 6.953487967 11.38410964 13.00944155 13.12177265 8.907622334 6.977458381 7.399961033 7.53332007 7.101386543 8.721155544 7.126305761 7.070990038 7.82811534 7.04707294 6.154929279 8.002559292
"X397" 9.985656394 7.135465271 12.34766543 10.58955089 12.73073431 9.599115696 11.04120839 8.670458088 6.925091672 11.55133288 6.864757294 15.27812251 7.045440241 11.82945644 13.02369511 12.88189043 8.637542714 7.019489676 7.505768585 7.535696963 7.257273781 8.829027744 7.065407665 7.002120556 7.580934695 6.950931817 5.971180622 7.818436253
"X399" 11.07187598 7.465845424 12.34491845 10.95492296 15.67689951 9.829718688 11.51917534 9.076177805 7.27717093 12.96844782 6.905944496 15.67804426 7.017125355 11.77862519 13.43138586 13.18031306 8.781970947 6.992822789 7.23179921 7.903473409 7.025931327 9.14186225 7.027690941 7.02220726 8.417633453 6.952862089 6.626135851 9.391880268
"X400" 10.6396841 7.24999274 12.67719188 10.74596605 12.39676318 9.909879169 11.29705691 8.734000439 7.028501683 11.5022123 6.921054178 15.35779548 7.209039415 12.18419581 12.59946067 12.56814238 7.980250338 7.044863143 7.161347992 7.348517523 7.02267514 8.366249518 7.167046434 7.037152442 7.84621476 6.972987131 5.839844004 8.866739248
"X401" 11.26640705 7.43757306 12.53844862 10.72275957 15.73196904 10.19284544 11.35386888 9.47276623 7.701311628 12.83962683 6.911985729 15.48412665 7.084008051 12.7504082 12.7209763 12.69016697 8.723269963 6.99982175 7.236896227 7.082770097 7.055732286 9.279951895 7.038967621 6.991087852 7.794175056 6.945617617 6.671621797 10.86772043
"X402" 10.80339505 7.187040645 12.40071293 10.7017834 15.22580162 9.67221871 11.33720692 9.115905513 7.336355278 13.27588591 6.966169104 15.34360824 6.984167208 12.4303395 12.93736351 12.77170588 9.074526128 7.05645724 7.399825778 7.262086715 7.273813142 9.11960615 7.042861917 7.029469087 7.485924922 6.976763629 6.264025831 8.791293348
"X403" 11.17840999 7.138434709 12.00518883 10.72239668 14.77154094 9.528519197 11.2798307 7.55978847 6.898560822 13.2232519 6.943678026 15.328275 6.999691302 12.4104533 13.0111019 12.69222586 8.900957241 7.017403788 7.378090696 7.431046329 7.250845398 9.430932942 7.007227611 7.080827502 7.642456377 6.974533509 6.299795838 8.567068038
"X404" 11.46186867 7.171035954 11.84883063 10.68710675 15.49739076 9.822509371 11.48506805 7.464972418 7.244085412 13.48622783 6.888993964 15.39893014 7.069302931 12.49713326 13.06952067 12.67717677 8.02067654 7.013374868 7.376410639 7.189410927 7.19684932 9.413402214 7.026410145 7.043249057 7.476917508 6.998236845 6.710487088 9.467318769
"X405" 11.09656007 7.123535611 12.2712677 10.87148232 14.69052586 9.942669784 11.60452241 8.037349354 7.525063058 12.73628613 6.92346526 15.503127 7.028426305 12.19771043 13.16438233 12.70699882 8.94435817 6.970906206 7.502562504 7.460830062 7.14998442 8.62514926 7.09304018 7.007135952 7.61358247 7.049574553 6.532410646 8.433872327
"X406" 10.25679339 7.448756823 11.15485586 10.68140134 14.27346872 9.352412654 11.31146572 7.964702221 7.102328032 12.6122651 6.915061796 15.39357024 7.262487108 11.78328109 12.95759846 12.98498796 8.245343134 7.104836662 7.130524757 7.133006773 7.112105896 8.982124998 6.893482156 7.026191356 7.816237683 7.321852413 6.552714841 9.082207794
"X407" 11.82091726 7.410198458 12.04386054 10.61273042 13.43235011 9.567720562 11.29119579 8.234336829 7.170659157 12.42561301 6.857698899 15.3387753 7.043453181 11.60789401 12.95695419 12.7879166 9.046584008 7.082874608 7.620096804 7.447517313 7.208623888 8.63323834 7.118593415 7.018174075 7.485925757 7.152667288 5.828878419 7.773481904
"X408" 11.50905909 7.50827416 12.12879194 10.54905496 15.59397785 9.676747048 11.2658766 8.244334393 7.330655057 13.03305213 6.770292709 15.35119888 7.088880163 12.12723244 13.08981172 13.16128762 8.946680486 7.01377262 7.690878572 7.266694626 7.219980185 9.036084896 7.2658119 7.022395402 7.441214834 6.95785782 6.62186396 8.691640846
"X409" 11.25799742 7.161525636 11.97065413 10.65079077 13.36788533 9.169406313 11.36646424 8.043541028 7.035703204 13.02999308 6.812419024 15.35536795 7.083572419 12.06596392 13.00374534 12.81665189 9.295958475 7.019113882 7.321996887 7.479798528 7.196543954 9.758138772 6.97906404 7.002195058 7.347694411 6.951280679 5.99006732 8.285036269
"X410" 11.08073437 7.206761426 11.67533779 10.74564709 14.93625697 8.875162688 11.34587233 7.904375908 7.498999249 12.88049923 6.867044761 15.35077663 7.165200093 12.43072705 13.10162938 12.5966972 8.889153337 7.088158337 7.312668366 7.402289723 7.256949122 9.004549302 7.04158849 7.167932273 7.736021219 7.210668569 6.411016971 8.601944824
"X411" 11.28941486 7.359804189 12.62331823 10.77241633 14.00953719 9.561087349 11.49369923 8.042936238 6.861319476 12.81887632 6.827973865 15.60935336 7.032263423 12.00605809 13.25909045 12.81314414 9.024601162 7.213489571 7.363410563 7.77350379 7.048974774 9.535912277 7.129497837 7.04196933 7.459237537 6.961732164 6.610642939 8.282157503
"X413" 10.16744376 7.157114984 11.94604096 10.65083614 15.22669545 8.840740505 11.22475594 8.360582598 6.839850757 13.03208654 6.89512539 15.40270454 7.0349168 12.27859316 12.96365088 13.30200701 8.243342083 7.044517681 7.198994338 7.076937171 7.195515059 8.603884673 7.056295223 6.980350318 7.776418505 6.977871523 5.787679689 11.53309306
"X414" 11.09214048 7.255799857 11.91626313 10.60569558 15.07731034 9.48127273 11.18001313 8.904093598 7.439159432 13.21494122 6.901334894 15.24182938 6.996729004 11.86676368 12.91945839 12.8707097 8.65288966 7.178983267 7.442021721 7.284891691 7.334297959 8.782211308 7.118101108 7.040311264 7.410676945 7.208906574 6.301641045 8.694693816
"X416" 11.33185468 7.14631647 11.76217286 10.64437025 13.60103412 8.688863476 11.26198981 8.89908532 6.918550727 12.11608666 6.870771507 15.28169738 6.972794287 12.42510023 13.05457275 13.08070186 7.808011238 7.01174561 7.26539924 7.522449321 7.134348841 8.865203393 7.175860047 6.876264406 7.746997013 6.970438213 5.881053913 8.274424199
"X417" 11.55534564 7.15758787 11.74562513 10.79071845 15.70401855 9.961040997 11.5161279 7.900494288 7.691945062 13.35046814 6.991031623 15.45712755 7.182035067 12.41090576 13.10514997 12.29333973 8.832378751 7.04194935 7.168154282 7.410114231 7.272490531 9.008931782 7.013527931 7.06732344 7.462538211 7.078218852 6.757857315 9.674408118
"X418" 11.43933105 7.129743187 12.35193735 10.82416476 14.66348857 9.957395723 11.46400959 8.683895277 6.962011646 13.29000778 6.8461832 15.65025047 7.056280475 13.12256953 13.15014996 12.77103051 9.567775505 7.019618995 7.30202375 7.485645112 7.458933257 9.443101443 7.223500199 7.12013935 7.661561782 6.987416711 6.330510835 8.635865761
"X419" 11.40152885 7.171615795 11.15901214 10.53785048 15.10649114 9.655089363 11.11428473 9.064437788 6.989819753 13.11008844 6.87169751 15.10543626 6.978577306 12.31760219 12.90935244 12.72695513 9.64615037 7.097820809 7.464680135 7.297593958 7.234539342 8.674588488 7.064498208 6.985409231 7.57077997 7.114381384 6.221673252 9.616171666
"X420" 11.69432796 7.43896096 12.17799752 10.82399343 15.42906925 9.708995476 11.36634236 8.77377962 7.112013229 13.46626029 6.811598851 15.28227719 7.027314995 12.73557231 13.01004778 12.91929576 9.685213658 7.027638853 7.124956249 7.146507153 7.152938365 9.007694377 7.068575298 6.942037656 7.477013509 6.992985685 6.73997715 9.630445456
"X421" 11.61395532 7.277016002 12.12568061 10.5169627 15.09470238 9.425446325 11.27026208 8.581117816 7.693891052 13.32428703 6.843665374 15.3103659 7.062357306 13.21414865 13.07480452 12.93888693 8.965048635 7.018687914 7.194334305 7.403706927 7.243303306 8.998762274 7.099956891 7.036569805 7.700312942 6.984516996 6.01307385 8.908053332
"X422" 11.30560571 7.258703396 12.47259805 10.86060072 15.49993662 9.902952072 11.42332352 8.290408056 7.656290267 13.42909448 6.867747207 15.44794593 7.039577685 12.70034882 13.1815443 12.66644578 9.793687292 7.063942308 7.312169572 7.179675398 7.244427688 9.650151223 7.052035669 7.011525681 7.711029677 7.019781455 6.314315645 9.602500019
"X423" 11.45735095 7.287730339 11.86601981 10.69093554 13.45663247 9.516457264 11.38148643 8.419298266 7.013403245 13.00045372 6.73817185 15.39379353 6.945443414 11.97535706 12.94842014 12.73791303 8.848646873 7.038247637 7.542184712 7.489688162 7.135955947 8.649521475 7.074109522 7.05644291 8.130154164 7.023474023 6.148844987 8.936982708
"X424" 11.45632597 7.181950792 12.20678148 10.79913713 15.48963778 9.732359996 11.25219563 8.551749552 7.596014043 12.80582759 6.957122038 15.49536557 7.05724651 12.28446541 13.10587354 12.94487331 8.870872968 6.99435695 7.145388664 7.295193816 7.078828842 7.78409399 7.077135249 7.138985101 7.627668353 7.296902458 6.217438396 10.02273326
"X425" 11.52004097 7.59150977 11.97551305 10.72715092 15.76041013 9.861114257 11.38208338 9.610333887 7.725162603 13.75556909 6.910634011 15.58617054 7.117698004 12.80475862 13.15805718 12.53615241 9.159798814 7.007429559 7.323513879 7.502187746 7.469336052 8.883132393 7.058788968 7.068142383 7.921853941 6.972179618 7.390745415 10.30762131
"X426" 11.79768194 7.21618828 12.30691011 10.76989034 15.47474026 9.639624332 11.43820551 9.010014204 7.098401328 13.17638035 6.963847038 15.46592164 7.027358946 13.07841297 13.24586767 12.93906221 9.247501698 7.027992952 7.223269228 7.386198491 7.401301266 9.182819548 6.924733477 7.084803634 8.022077931 6.976099034 6.455739741 10.0316524
"X427" 11.83082745 7.349978839 12.17035415 10.83834905 15.77742735 9.53170791 11.43504366 9.158409705 7.08839094 13.96210376 6.878949162 15.54931813 7.055841358 12.91751636 13.17951146 12.82783767 9.560390674 7.1624655 7.147757715 7.4266366 7.199579103 8.349674962 7.062862704 7.051090975 7.503586343 7.176664821 6.548687602 9.723962958
"X428" 11.39018017 7.205791304 12.7172693 10.78129207 15.52228375 9.840564115 11.3608097 8.363362265 7.481543463 12.72542379 6.891660957 15.40545094 7.053859792 12.67809146 13.12695791 12.54986552 9.256093319 7.036392308 7.222726878 7.105724773 7.296422438 8.734205349 7.111671319 6.994307084 7.619973183 7.067144106 5.976340097 9.43596155
"X429" 11.51886391 7.396433683 12.21166903 10.7144761 15.70596386 9.926798848 11.32016443 9.282421221 7.528863136 13.470474 6.886991165 15.46687525 7.056870305 12.62324284 13.10970378 12.5832851 9.061343384 7.028174542 7.330615521 7.254193541 7.17948686 9.359732738 6.946471943 7.0694313 7.572133622 7.082042693 6.662302153 9.737625781
"X430" 11.67531492 7.179991217 12.19544851 10.67061741 14.70711517 9.628285516 11.2155021 8.031177577 7.212004971 12.96891425 6.890668976 15.49002708 7.229006745 11.84249413 13.00061795 12.93836094 9.168799374 7.030362947 7.161624896 7.213045635 7.326493136 8.582361979 7.069090304 7.162595215 7.564907918 7.046309754 6.423990742 8.424640643
"X431" 11.21946565 7.147999529 12.13113497 10.72388677 15.66696977 9.570892113 11.44087971 9.271393793 7.172227166 13.53681678 6.901423685 15.5977891 7.02900841 13.20161847 13.17189239 13.07891267 9.260478296 7.007444631 7.125794263 7.177765143 7.086286925 9.348459897 6.879147381 7.086256658 7.771093514 7.046441569 7.057916251 10.05476275
"X432" 11.23689055 7.431123139 12.2183842 10.73417616 15.35657157 9.644902529 11.37997005 9.611144076 7.224179794 13.33295857 6.91822838 15.44823137 7.075129693 12.79897399 13.04700802 12.75642701 9.599017459 6.973317134 7.180386204 7.202215289 7.243605356 9.373750774 7.224382222 6.953050054 7.607393861 7.084320659 6.145685134 9.1334238
